Crustal model (free format) - GIL7 z Dregera, Pasyanos et al. (1996)
number of layers, not more than 7:
   14
Parameters of the layers
depth of layer top(km)   Vp(km/s)    Vs(km/s)    Rho(g/cm**3)    Qp     Qs
0.0 3.88 2.04 2.30 400 200
1.0 4.52 2.43 2.40 400 200
2.0 5.62 3.03 2.40 400 200
4.0 5.75 3.31 2.40 800 400
6.0 5.85 3.38 2.50 1000 500
8.0 5.96 3.43 3.60 1000 500
10.0 6.00 3.44 2.75 1000 500
12.0 6.05 3.46 2.75 1000 500
16.0 6.32 3.64 2.80 1000 500
20.0 6.40 3.65 2.80 1000 500
25.0 6.83 3.92 2.85 1000 500
30.0 6.89 3.99 3.00 1000 500
37.0 7.70 4.28 3.10 1000 500
45.0 8.22 4.56 3.30 1000 500

Hi Pablo
This is quite robust Vp and Vs model from our study Güvercin et al 2021. Density is sort of random. I hope this helps
Best wishes
Ozgun

depth Vp. Vs. rhou. thickness Qp Qs
0.0 3.88 2.04 2.30 1.00 400 200
1.0 4.52 2.43 2.40 1.00 400 200
2.0 5.62 3.03 2.40 2.00 400 200
4.0 5.75 3.31 2.40 2.00 800 400
6.0 5.85 3.38 2.50 2.00 1000 500
8.0 5.96 3.43 3.60 2.00 1000 500
10.0 6.00 3.44 2.75 2.00 1000 500
12.0 6.05 3.46 2.75 4.00 1000 500
16.0 6.32 3.64 2.80 4.00 1000 500
20.0 6.40 3.65 2.80 5.00 1000 500
25.0 6.83 3.92 2.85 5.00 1000 500
30.0 6.89 3.99 3.00 7.00 1000 500
37.0 7.70 4.28 3.10 8.00 1000 500
45.0 8.22 4.56 3.30 15.00 1000 500
