  0.00000E+00 -0.15772E-05 -0.11583E-04 -0.12048E-04 -0.66445E-05  0.19579E-04  0.10227E-03  0.72572E-05 -0.19734E-04 -0.51293E-04 -0.23304E-05  0.20547E-04  0.64696E-04
  0.39062E+00 -0.29483E-06 -0.10017E-04 -0.83595E-05 -0.68447E-05  0.14466E-04  0.10182E-03  0.36675E-05 -0.17225E-04 -0.54472E-04 -0.73172E-05  0.14975E-04  0.65928E-04
  0.78125E+00  0.19127E-05 -0.12484E-04  0.12510E-04 -0.23795E-05  0.41341E-05  0.10791E-03 -0.17762E-05 -0.16849E-05 -0.10783E-03 -0.86531E-05  0.20547E-04  0.70248E-04
  0.11719E+01  0.66393E-05 -0.20206E-04  0.82513E-04  0.28209E-04 -0.14919E-04  0.15035E-03 -0.16761E-04  0.33277E-04 -0.41181E-03 -0.19421E-06  0.67726E-04  0.95859E-04
  0.15625E+01  0.13213E-04 -0.25292E-04  0.19382E-03  0.11394E-03 -0.38504E-04  0.26435E-03 -0.38730E-04  0.66773E-04 -0.13390E-02  0.12961E-04  0.17236E-03  0.16193E-03
  0.19531E+01  0.16562E-04 -0.16893E-04  0.21250E-03  0.20853E-03 -0.53381E-04  0.42844E-03 -0.12171E-04  0.65784E-04 -0.32044E-02 -0.10459E-04  0.26567E-03  0.23201E-03
  0.23438E+01  0.11638E-04  0.90490E-05 -0.35707E-04  0.96407E-04 -0.47576E-04  0.53842E-03  0.19410E-03  0.33874E-04 -0.59785E-02 -0.11783E-03  0.22972E-03  0.20692E-03
  0.27344E+01 -0.13931E-05  0.44361E-04 -0.38338E-03 -0.53241E-03 -0.32425E-04  0.48117E-03  0.71029E-03  0.73935E-06 -0.92644E-02 -0.21202E-03  0.51676E-04  0.41308E-04
  0.31250E+01 -0.17807E-04  0.82671E-04  0.30681E-04 -0.18609E-02 -0.64641E-04  0.21205E-03  0.14888E-02 -0.45232E-05 -0.12423E-01  0.51923E-04 -0.14511E-03 -0.16264E-03
  0.35156E+01 -0.31327E-04  0.13085E-03  0.23591E-02 -0.38264E-02 -0.12346E-03 -0.22654E-03  0.22272E-02  0.35741E-04 -0.14661E-01  0.10375E-02 -0.25295E-03 -0.26046E-03
  0.39062E+01 -0.37683E-04  0.18499E-03  0.69418E-02 -0.61530E-02  0.44765E-04 -0.70814E-03  0.25696E-02  0.12166E-03 -0.15170E-01  0.27249E-02 -0.28545E-03 -0.22088E-03
  0.42969E+01 -0.36138E-04  0.23680E-03  0.12565E-01 -0.83403E-02  0.73491E-03 -0.10734E-02  0.24017E-02  0.25926E-03 -0.13343E-01  0.45958E-02 -0.23299E-03 -0.12722E-03
  0.46875E+01 -0.26291E-04  0.34415E-03  0.16833E-01 -0.96762E-02  0.18328E-02 -0.12015E-02  0.18710E-02  0.34680E-03 -0.90385E-02  0.59065E-02  0.89847E-04 -0.65250E-04
  0.50781E+01 -0.10730E-04  0.57660E-03  0.17367E-01 -0.94518E-02  0.27309E-02 -0.10324E-02  0.11684E-02 -0.37485E-04 -0.27581E-02  0.60841E-02  0.74442E-03 -0.46329E-04
  0.54688E+01  0.85010E-05  0.84801E-03  0.12827E-01 -0.73299E-02  0.27812E-02 -0.57388E-03  0.38770E-03 -0.15473E-02  0.44429E-02  0.49599E-02  0.10913E-02 -0.19455E-04
  0.58594E+01  0.30283E-04  0.92073E-03  0.32524E-02 -0.35673E-02  0.18227E-02  0.64132E-04 -0.45323E-03 -0.46062E-02  0.11339E-01  0.27939E-02  0.17949E-03  0.49161E-04
  0.62500E+01  0.49197E-04  0.61883E-03 -0.10193E-01  0.10548E-02  0.28561E-03  0.69094E-03 -0.13391E-02 -0.90435E-02  0.16996E-01  0.13801E-03 -0.22641E-02  0.13070E-03
  0.66406E+01  0.60226E-04 -0.45492E-05 -0.25651E-01  0.55363E-02 -0.10816E-02  0.11394E-02 -0.21943E-02 -0.14185E-01  0.21059E-01 -0.24001E-02 -0.57445E-02  0.16800E-03
  0.70312E+01  0.69167E-04 -0.74935E-03 -0.40734E-01  0.90446E-02 -0.14633E-02  0.13401E-02 -0.28700E-02 -0.19354E-01  0.23727E-01 -0.43748E-02 -0.92526E-02  0.14291E-03
  0.74219E+01  0.80857E-04 -0.15505E-02 -0.52496E-01  0.11197E-01 -0.10655E-03  0.13027E-02 -0.32044E-02 -0.24323E-01  0.25421E-01 -0.55847E-02 -0.10911E-01  0.78624E-04
  0.78125E+01  0.80166E-04 -0.26815E-02 -0.57653E-01  0.12121E-01  0.36177E-02  0.10717E-02 -0.31405E-02 -0.29165E-01  0.26322E-01 -0.60213E-02 -0.77860E-02  0.26947E-04
  0.82031E+01  0.48151E-04 -0.46425E-02 -0.53179E-01  0.12305E-01  0.10094E-01  0.73459E-03 -0.28661E-02 -0.33422E-01  0.26033E-01 -0.57482E-02  0.31278E-02  0.37105E-04
  0.85938E+01  0.25885E-05 -0.78046E-02 -0.37070E-01  0.12333E-01  0.19074E-01  0.60637E-03 -0.28715E-02 -0.35259E-01  0.23597E-01 -0.47843E-02  0.22991E-01  0.15655E-03
  0.89844E+01 -0.90037E-05 -0.12025E-01 -0.90954E-02  0.12608E-01  0.29083E-01  0.17805E-02 -0.37978E-02 -0.31768E-01  0.17839E-01 -0.30579E-02  0.49036E-01  0.45873E-03
  0.93750E+01  0.18479E-04 -0.16389E-01  0.28737E-01  0.13126E-01  0.36966E-01  0.64139E-02 -0.60805E-02 -0.20739E-01  0.78944E-02 -0.46644E-03  0.73611E-01  0.99688E-03
  0.97656E+01  0.26979E-04 -0.19254E-01  0.71741E-01  0.13368E-01  0.38139E-01  0.16758E-01 -0.96209E-02 -0.26736E-02 -0.62923E-02  0.29587E-02  0.86080E-01  0.16235E-02
  0.10156E+02 -0.23934E-04 -0.18787E-01  0.11108E+00  0.12395E-01  0.28097E-01  0.33463E-01 -0.13791E-01  0.18711E-01 -0.23773E-01  0.68642E-02  0.77191E-01  0.21318E-02
  0.10547E+02 -0.13481E-03 -0.13876E-01  0.13241E+00  0.91354E-02  0.50750E-02  0.54336E-01 -0.17635E-01  0.37977E-01 -0.42795E-01  0.10449E-01  0.42999E-01  0.26633E-02
  0.10938E+02 -0.34592E-03 -0.48579E-02  0.12047E+00  0.28459E-02 -0.27485E-01  0.73675E-01 -0.19863E-01  0.50429E-01 -0.61163E-01  0.12503E-01 -0.13355E-01  0.37677E-02
  0.11328E+02 -0.72715E-03  0.65809E-02  0.71086E-01 -0.63731E-02 -0.60609E-01  0.82655E-01 -0.18868E-01  0.54256E-01 -0.76354E-01  0.11697E-01 -0.82520E-01  0.58629E-02
  0.11719E+02 -0.12723E-02  0.18250E-01 -0.82069E-03 -0.17191E-01 -0.82528E-01  0.72192E-01 -0.13496E-01  0.51519E-01 -0.85018E-01  0.71160E-02 -0.15249E+00  0.84322E-02
  0.12109E+02 -0.18754E-02  0.28306E-01 -0.67872E-01 -0.27056E-01 -0.83464E-01  0.38050E-01 -0.42639E-02  0.47184E-01 -0.82145E-01 -0.11411E-02 -0.20985E+00  0.97702E-02
  0.12500E+02 -0.24187E-02  0.35811E-01 -0.10577E+00 -0.32757E-01 -0.60287E-01 -0.14989E-01  0.60036E-02  0.46019E-01 -0.61656E-01 -0.11650E-01 -0.23395E+00  0.78817E-02
  0.12891E+02 -0.28462E-02  0.41121E-01 -0.10542E+00 -0.31419E-01 -0.18840E-01 -0.73089E-01  0.12942E-01  0.49096E-01 -0.20064E-01 -0.21982E-01 -0.19723E+00  0.19443E-02
  0.13281E+02 -0.31507E-02  0.45551E-01 -0.75123E-01 -0.21626E-01  0.27656E-01 -0.11802E+00  0.12902E-01  0.52875E-01  0.38766E-01 -0.29643E-01 -0.87794E-01 -0.69490E-02
  0.13672E+02 -0.33073E-02  0.49692E-01 -0.33532E-01 -0.41862E-02  0.63833E-01 -0.13451E+00  0.54230E-02  0.52053E-01  0.10220E+00 -0.33216E-01  0.65467E-01 -0.16093E-01
  0.14062E+02 -0.32137E-02  0.51484E-01  0.89726E-03  0.17850E-01  0.78171E-01 -0.11709E+00 -0.57755E-02  0.43484E-01  0.15264E+00 -0.33178E-01  0.19955E+00 -0.22111E-01
  0.14453E+02 -0.26875E-02  0.45961E-01  0.17732E-01  0.39995E-01  0.66271E-01 -0.73711E-01 -0.13807E-01  0.27780E-01  0.17449E+00 -0.31966E-01  0.25479E+00 -0.22319E-01
  0.14844E+02 -0.15440E-02  0.27373E-01  0.16708E-01  0.57603E-01  0.30368E-01 -0.23523E-01 -0.11394E-01  0.87785E-02  0.16069E+00 -0.32979E-01  0.21301E+00 -0.15915E-01
  0.15234E+02  0.26788E-03 -0.62287E-02  0.48738E-02  0.67011E-01 -0.22405E-01  0.12067E-01  0.50275E-02 -0.78912E-02  0.11574E+00 -0.38668E-01  0.10691E+00 -0.42318E-02
  0.15625E+02  0.25395E-02 -0.47061E-01 -0.84928E-02  0.66079E-01 -0.79671E-01  0.20583E-01  0.32013E-01 -0.17506E-01  0.54018E-01 -0.48478E-01 -0.51267E-02  0.10236E-01
  0.16016E+02  0.47690E-02 -0.77220E-01 -0.16333E-01  0.54082E-01 -0.12336E+00  0.39783E-02  0.59554E-01 -0.18928E-01 -0.57668E-02 -0.57729E-01 -0.75178E-01  0.25278E-01
  0.16406E+02  0.62736E-02 -0.80066E-01 -0.16039E-01  0.31363E-01 -0.13526E+00 -0.24933E-01  0.75505E-01 -0.14881E-01 -0.47780E-01 -0.58229E-01 -0.86597E-01  0.38406E-01
  0.16797E+02  0.64348E-02 -0.54214E-01 -0.91993E-02 -0.61776E-03 -0.10787E+00 -0.51360E-01  0.71350E-01 -0.10051E-01 -0.64932E-01 -0.40783E-01 -0.52823E-01  0.44780E-01
  0.17188E+02  0.49769E-02 -0.14739E-01  0.30151E-03 -0.38488E-01 -0.51048E-01 -0.66310E-01  0.46648E-01 -0.87609E-02 -0.60355E-01  0.81432E-03 -0.23979E-02  0.38568E-01
  0.17578E+02  0.21444E-02  0.18109E-01  0.84800E-02 -0.76118E-01  0.13240E-01 -0.69036E-01  0.10273E-01 -0.13292E-01 -0.44119E-01  0.65274E-01  0.37969E-01  0.18370E-01
  0.17969E+02 -0.12956E-02  0.30741E-01  0.12868E-01 -0.10506E+00  0.63440E-01 -0.63662E-01 -0.22767E-01 -0.23309E-01 -0.27604E-01  0.14037E+00  0.54152E-01 -0.86528E-02
  0.18359E+02 -0.42339E-02  0.21390E-01  0.13067E-01 -0.11698E+00  0.87512E-01 -0.53360E-01 -0.37705E-01 -0.36250E-01 -0.18593E-01  0.20324E+00  0.46620E-01 -0.30388E-01
  0.18750E+02 -0.55764E-02 -0.15741E-02  0.10263E-01 -0.10721E+00  0.84960E-01 -0.37502E-01 -0.26932E-01 -0.48333E-01 -0.19123E-01  0.22741E+00  0.25631E-01 -0.41765E-01
  0.19141E+02 -0.46844E-02 -0.25733E-01  0.62988E-02 -0.77544E-01  0.64564E-01 -0.13720E-01  0.47841E-02 -0.55916E-01 -0.26326E-01  0.19617E+00  0.38185E-02 -0.50368E-01
  0.19531E+02 -0.16584E-02 -0.41222E-01  0.27458E-02 -0.36377E-01  0.39537E-01  0.18183E-01  0.40836E-01 -0.56710E-01 -0.35112E-01  0.11432E+00 -0.99519E-02 -0.64708E-01
  0.19922E+02  0.27672E-02 -0.44206E-01  0.35540E-03  0.41963E-02  0.21403E-01  0.53720E-01  0.61660E-01 -0.50422E-01 -0.41057E-01  0.88069E-02 -0.13180E-01 -0.81136E-01
  0.20312E+02  0.76278E-02 -0.36544E-01 -0.87983E-03  0.33226E-01  0.15426E-01  0.84386E-01  0.56125E-01 -0.38653E-01 -0.42219E-01 -0.83506E-01 -0.87116E-02 -0.86341E-01
  0.20703E+02  0.12077E-01 -0.23273E-01 -0.13148E-02  0.45452E-01  0.19965E-01  0.10151E+00  0.26814E-01 -0.24270E-01 -0.39280E-01 -0.13327E+00 -0.17944E-02 -0.69124E-01
  0.21094E+02  0.15540E-01 -0.97629E-02 -0.12120E-02  0.42971E-01  0.29154E-01  0.10096E+00 -0.13028E-01 -0.10639E-01 -0.34415E-01 -0.13129E+00  0.29776E-02 -0.28996E-01
  0.21484E+02  0.17756E-01  0.26716E-03 -0.65350E-03  0.32911E-01  0.36577E-01  0.85725E-01 -0.47427E-01 -0.73287E-03 -0.29808E-01 -0.90427E-01  0.34708E-02  0.22589E-01
  0.21875E+02  0.18702E-01  0.54890E-02  0.22471E-03  0.22878E-01  0.38155E-01  0.64425E-01 -0.65452E-01  0.37695E-02 -0.26623E-01 -0.36636E-01  0.11731E-03  0.67613E-01
  0.22266E+02  0.18412E-01  0.66120E-02  0.12124E-02  0.17225E-01  0.33266E-01  0.46539E-01 -0.64938E-01  0.29639E-02 -0.24742E-01  0.50780E-02 -0.50343E-02  0.90251E-01
  0.22656E+02  0.16848E-01  0.53810E-02  0.20710E-02  0.16101E-01  0.24010E-01  0.37595E-01 -0.51359E-01 -0.14907E-02 -0.23199E-01  0.21404E-01 -0.97134E-02  0.84353E-01
  0.23047E+02  0.13909E-01  0.36430E-02  0.24474E-02  0.16925E-01  0.13556E-01  0.37431E-01 -0.33593E-01 -0.72350E-02 -0.20898E-01  0.13308E-01 -0.12579E-01  0.56176E-01
  0.23438E+02  0.95666E-02  0.28896E-02  0.21020E-02  0.16806E-01  0.46253E-02  0.41780E-01 -0.19409E-01 -0.12217E-01 -0.17126E-01 -0.84914E-02 -0.13496E-01  0.20974E-01
  0.23828E+02  0.39767E-02  0.40243E-02  0.11334E-02  0.14534E-01 -0.13861E-02  0.45392E-01 -0.12745E-01 -0.15232E-01 -0.11776E-01 -0.30848E-01 -0.13187E-01 -0.51403E-02
  0.24219E+02 -0.26567E-02  0.71325E-02 -0.25111E-03  0.10967E-01 -0.45183E-02  0.44687E-01 -0.13243E-01 -0.15877E-01 -0.53392E-02 -0.44256E-01 -0.12634E-01 -0.13298E-01
  0.24609E+02 -0.10406E-01  0.11423E-01 -0.19497E-02  0.79034E-02 -0.57829E-02  0.38823E-01 -0.17623E-01 -0.14178E-01  0.12877E-02 -0.45571E-01 -0.12497E-01 -0.48403E-02
  0.25000E+02 -0.20154E-01  0.15550E-01 -0.39582E-02  0.66534E-02 -0.64490E-02  0.29210E-01 -0.21930E-01 -0.10293E-01  0.71379E-02 -0.37376E-01 -0.12847E-01  0.11773E-01
  0.25391E+02 -0.33934E-01  0.18248E-01 -0.61038E-02  0.72759E-02 -0.74475E-02  0.18286E-01 -0.23345E-01 -0.46079E-02  0.11495E-01 -0.25207E-01 -0.13224E-01  0.26775E-01
  0.25781E+02 -0.52898E-01  0.18897E-01 -0.76505E-02  0.88775E-02 -0.91154E-02  0.82569E-02 -0.20967E-01  0.21295E-02  0.14083E-01 -0.14419E-01 -0.12965E-01  0.33793E-01
  0.26172E+02 -0.72878E-01  0.17656E-01 -0.75691E-02  0.10450E-01 -0.11218E-01  0.27777E-03 -0.15700E-01  0.88738E-02  0.15118E-01 -0.80839E-02 -0.11664E-01  0.31580E-01
  0.26562E+02 -0.82921E-01  0.15269E-01 -0.51412E-02  0.11362E-01 -0.13182E-01 -0.56554E-02 -0.93720E-02  0.14522E-01  0.15173E-01 -0.64244E-02 -0.93561E-02  0.22977E-01
  0.26953E+02 -0.70780E-01  0.12675E-01 -0.14534E-03  0.11422E-01 -0.14432E-01 -0.10300E-01 -0.37323E-02  0.18308E-01  0.14828E-01 -0.75688E-02 -0.64318E-02  0.12444E-01
  0.27344E+02 -0.32232E-01  0.10686E-01  0.68711E-02  0.10738E-01 -0.14672E-01 -0.14570E-01  0.12085E-03  0.20042E-01  0.14369E-01 -0.89618E-02 -0.34890E-02  0.37495E-02
  0.27734E+02  0.22613E-01  0.97367E-02  0.14397E-01  0.94718E-02 -0.14003E-01 -0.19028E-01  0.19665E-02  0.19989E-01  0.13737E-01 -0.86985E-02 -0.10640E-02 -0.13583E-02
  0.28125E+02  0.71881E-01  0.96766E-02  0.20470E-01  0.76675E-02 -0.12856E-01 -0.23728E-01  0.23168E-02  0.18709E-01  0.12709E-01 -0.62106E-02  0.57902E-03 -0.32077E-02
  0.28516E+02  0.93956E-01  0.99494E-02  0.23460E-01  0.52939E-02 -0.11792E-01 -0.28315E-01  0.19627E-02  0.16950E-01  0.11118E-01 -0.21265E-02  0.14416E-02 -0.33299E-02
  0.28906E+02  0.80988E-01  0.99310E-02  0.22781E-01  0.24102E-02 -0.11291E-01 -0.32211E-01  0.16068E-02  0.15434E-01  0.90028E-02  0.23546E-02  0.17234E-02 -0.34150E-02
  0.29297E+02  0.43222E-01  0.90788E-02  0.19165E-01 -0.73097E-03 -0.11558E-01 -0.34867E-01  0.16760E-02  0.14672E-01  0.66766E-02  0.61195E-02  0.16993E-02 -0.45427E-02
  0.29688E+02  0.13053E-02  0.71451E-02  0.14004E-01 -0.37377E-02 -0.12474E-01 -0.35953E-01  0.22595E-02  0.14797E-01  0.46385E-02  0.85688E-02  0.16047E-02 -0.68955E-02
  0.30078E+02 -0.26342E-01  0.44075E-02  0.86318E-02 -0.62381E-02 -0.13661E-01 -0.35430E-01  0.32715E-02  0.15495E-01  0.34311E-02  0.96853E-02  0.16110E-02 -0.99811E-02
  0.30469E+02 -0.32102E-01  0.16023E-02  0.41185E-02 -0.80380E-02 -0.14635E-01 -0.33549E-01  0.46232E-02  0.16285E-01  0.35904E-02  0.97976E-02  0.17702E-02 -0.12987E-01
  0.30859E+02 -0.19918E-01 -0.47330E-03  0.93147E-03 -0.91914E-02 -0.15005E-01 -0.30767E-01  0.62268E-02  0.16781E-01  0.55766E-02  0.92964E-02  0.19959E-02 -0.15104E-01
  0.31250E+02 -0.32860E-03 -0.14608E-02 -0.12049E-02 -0.99532E-02 -0.14620E-01 -0.27632E-01  0.80120E-02  0.16687E-01  0.95030E-02  0.84848E-02  0.21437E-02 -0.15845E-01
  0.31641E+02  0.15993E-01 -0.15367E-02 -0.28822E-02 -0.10610E-01 -0.13615E-01 -0.24656E-01  0.99132E-02  0.15861E-01  0.14843E-01  0.75548E-02  0.20467E-02 -0.15176E-01
  0.32031E+02  0.22835E-01 -0.11048E-02 -0.46240E-02 -0.11283E-01 -0.12334E-01 -0.22136E-01  0.11807E-01  0.14390E-01  0.20508E-01  0.66272E-02  0.15569E-02 -0.13434E-01
  0.32422E+02  0.19706E-01 -0.66859E-03 -0.65549E-02 -0.11868E-01 -0.11148E-01 -0.20095E-01  0.13529E-01  0.12469E-01  0.25215E-01  0.57642E-02  0.63119E-03 -0.11193E-01
  0.32812E+02  0.10281E-01 -0.73091E-03 -0.82396E-02 -0.12092E-01 -0.10273E-01 -0.18385E-01  0.14827E-01  0.10269E-01  0.27820E-01  0.49744E-02 -0.63247E-03 -0.90451E-02
  0.33203E+02 -0.34454E-03 -0.14856E-02 -0.90635E-02 -0.11633E-01 -0.96449E-02 -0.16757E-01  0.15344E-01  0.78414E-02  0.27510E-01  0.42708E-02 -0.20161E-02 -0.74455E-02
  0.33594E+02 -0.81397E-02 -0.27998E-02 -0.86267E-02 -0.10263E-01 -0.89456E-02 -0.14970E-01  0.14903E-01  0.51477E-02  0.23933E-01  0.37129E-02 -0.32711E-02 -0.65969E-02
  0.33984E+02 -0.11410E-01 -0.44499E-02 -0.69497E-02 -0.79638E-02 -0.77685E-02 -0.12903E-01  0.13668E-01  0.22529E-02  0.17430E-01  0.34101E-02 -0.42237E-02 -0.63652E-02
  0.34375E+02 -0.10707E-01 -0.62615E-02 -0.46934E-02 -0.49408E-02 -0.58048E-02 -0.10561E-01  0.11976E-01 -0.66416E-03  0.92180E-02  0.34989E-02 -0.48111E-02 -0.64097E-02
  0.34766E+02 -0.78677E-02 -0.81462E-02 -0.29256E-02 -0.15390E-02 -0.29363E-02 -0.80512E-02  0.10287E-01 -0.34342E-02  0.11778E-02  0.41159E-02 -0.50276E-02 -0.64170E-02
  0.35156E+02 -0.48192E-02 -0.99509E-02 -0.25137E-02  0.18555E-02  0.75926E-03 -0.55524E-02  0.91335E-02 -0.58114E-02 -0.47746E-02  0.53656E-02 -0.48304E-02 -0.61897E-02
  0.35547E+02 -0.27708E-02 -0.11403E-01 -0.37419E-02  0.48349E-02  0.50713E-02 -0.32689E-02  0.88449E-02 -0.74709E-02 -0.75648E-02  0.72549E-02 -0.41235E-02 -0.56960E-02
  0.35938E+02 -0.19834E-02 -0.12309E-01 -0.60613E-02  0.69842E-02  0.97225E-02 -0.14008E-02  0.93320E-02 -0.81905E-02 -0.75078E-02  0.96724E-02 -0.28030E-02 -0.50644E-02
  0.36328E+02 -0.19980E-02 -0.12515E-01 -0.82145E-02  0.79468E-02  0.14378E-01 -0.70912E-04  0.10068E-01 -0.79127E-02 -0.58967E-02  0.12403E-01 -0.76813E-03 -0.44599E-02
  0.36719E+02 -0.21586E-02 -0.11819E-01 -0.90763E-02  0.75178E-02  0.18601E-01  0.77295E-03  0.10298E-01 -0.68223E-02 -0.41525E-02  0.15075E-01  0.20620E-02 -0.40148E-02
  0.37109E+02 -0.20364E-02 -0.10148E-01 -0.83815E-02  0.57744E-02  0.21811E-01  0.13282E-02  0.95358E-02 -0.53905E-02 -0.33615E-02  0.17087E-01  0.56954E-02 -0.38069E-02
  0.37500E+02 -0.15407E-02 -0.76513E-02 -0.66572E-02  0.31504E-02  0.23374E-01  0.18474E-02  0.78083E-02 -0.41870E-02 -0.40823E-02  0.17678E-01  0.10025E-01 -0.38376E-02
  0.37891E+02 -0.88024E-03 -0.46889E-02 -0.47186E-02  0.35557E-03  0.22809E-01  0.25610E-02  0.53799E-02 -0.37234E-02 -0.61578E-02  0.16215E-01  0.14762E-01 -0.40669E-02
  0.38281E+02 -0.38206E-03 -0.18594E-02 -0.32087E-02 -0.18123E-02  0.19983E-01  0.35995E-02  0.25943E-02 -0.43203E-02 -0.88048E-02  0.12516E-01  0.19345E-01 -0.44141E-02
  0.38672E+02 -0.24351E-03  0.21346E-03 -0.23736E-02 -0.27372E-02  0.15258E-01  0.49769E-02 -0.13640E-03 -0.58556E-02 -0.11080E-01  0.70253E-02  0.22937E-01 -0.47408E-02
  0.39062E+02 -0.41046E-03  0.11134E-02 -0.20907E-02 -0.22623E-02  0.95401E-02  0.66227E-02 -0.25459E-02 -0.77509E-02 -0.12359E-01  0.77835E-03  0.24579E-01 -0.48929E-02
  0.39453E+02 -0.56800E-03  0.71877E-03 -0.20442E-02 -0.79212E-03  0.40736E-02  0.84359E-02 -0.45843E-02 -0.92308E-02 -0.12531E-01 -0.48663E-02  0.23459E-01 -0.47109E-02
  0.39844E+02 -0.33335E-03 -0.61290E-03 -0.19213E-02  0.87883E-03  0.92556E-04  0.10365E-01 -0.62717E-02 -0.96091E-02 -0.11896E-01 -0.86496E-02  0.19261E-01 -0.40335E-02
  0.40234E+02  0.44282E-03 -0.20718E-02 -0.15453E-02  0.19808E-02 -0.15779E-02  0.12447E-01 -0.75986E-02 -0.86836E-02 -0.10921E-01 -0.98394E-02  0.12394E-01 -0.27652E-02
  0.40625E+02  0.16283E-02 -0.27951E-02 -0.91093E-03  0.21455E-02 -0.90391E-03  0.14757E-01 -0.84252E-02 -0.69472E-02 -0.99954E-02 -0.85745E-02  0.39610E-02 -0.91172E-03
  0.41016E+02  0.28714E-02 -0.22263E-02 -0.13520E-03  0.14490E-02  0.12712E-02  0.17304E-01 -0.85519E-02 -0.52139E-02 -0.93018E-02 -0.58876E-02 -0.44123E-02  0.14460E-02
  0.41406E+02  0.36385E-02 -0.43165E-03  0.62738E-03  0.25602E-03  0.35598E-02  0.19978E-01 -0.79712E-02 -0.40623E-02 -0.88145E-02 -0.32835E-02 -0.10945E-01  0.42022E-02
  0.41797E+02  0.34689E-02  0.18076E-02  0.12586E-02 -0.93781E-03  0.46543E-02  0.22549E-01 -0.68401E-02 -0.36038E-02 -0.83850E-02 -0.20302E-02 -0.14268E-01  0.72594E-02
  0.42188E+02  0.22869E-02  0.35275E-02  0.17126E-02 -0.17053E-02  0.39746E-02  0.24683E-01 -0.53342E-02 -0.35842E-02 -0.78513E-02 -0.25432E-02 -0.13857E-01  0.10505E-01
  0.42578E+02  0.47717E-03  0.42378E-02  0.20113E-02 -0.18729E-02  0.18409E-02  0.25978E-01 -0.37632E-02 -0.36275E-02 -0.71181E-02 -0.43579E-02 -0.10280E-01  0.13797E-01
  0.42969E+02 -0.13235E-02  0.40555E-02  0.22134E-02 -0.15528E-02 -0.94724E-03  0.26016E-01 -0.25736E-02 -0.34440E-02 -0.61839E-02 -0.66149E-02 -0.51790E-02  0.16949E-01
  0.43359E+02 -0.26187E-02  0.34409E-02  0.23780E-02 -0.10202E-02 -0.35683E-02  0.24430E-01 -0.21224E-02 -0.29271E-02 -0.51195E-02 -0.84732E-02 -0.68793E-03  0.19704E-01
  0.43750E+02 -0.32165E-02  0.28713E-02  0.25398E-02 -0.54536E-03 -0.53745E-02  0.20990E-01 -0.25860E-02 -0.21500E-02 -0.40219E-02 -0.93258E-02  0.14520E-02  0.21722E-01
  0.44141E+02 -0.31060E-02  0.26275E-02  0.27026E-02 -0.28887E-03 -0.60568E-02  0.15738E-01 -0.38729E-02 -0.12774E-02 -0.29713E-02 -0.90094E-02  0.63638E-03  0.22627E-01
  0.44531E+02 -0.24396E-02  0.27393E-02  0.28481E-02 -0.27042E-03 -0.57793E-02  0.91179E-02 -0.55297E-02 -0.46323E-03 -0.20078E-02 -0.78590E-02 -0.23526E-02  0.22060E-01
  0.44922E+02 -0.14782E-02  0.30556E-02  0.29511E-02 -0.38780E-03 -0.50556E-02  0.19591E-02 -0.69371E-02  0.20047E-03 -0.11328E-02 -0.64629E-02 -0.59289E-02  0.19734E-01
  0.45312E+02 -0.37365E-03  0.33676E-02  0.29928E-02 -0.49916E-03 -0.44218E-02 -0.46381E-02 -0.75328E-02  0.69460E-03 -0.32486E-03 -0.53189E-02 -0.87127E-02  0.15525E-01
  0.45703E+02  0.83175E-03  0.35139E-02  0.29674E-02 -0.51612E-03 -0.41764E-02 -0.95663E-02 -0.69307E-02  0.10612E-02  0.44031E-03 -0.46362E-02 -0.99976E-02  0.96244E-02
  0.46094E+02  0.20567E-02  0.34348E-02  0.28815E-02 -0.42391E-03 -0.43238E-02 -0.12063E-01 -0.51910E-02  0.13658E-02  0.11751E-02 -0.43381E-02 -0.96268E-02  0.26603E-02
  0.46484E+02  0.31268E-02  0.31663E-02  0.27486E-02 -0.25066E-03 -0.46664E-02 -0.11933E-01 -0.29042E-02  0.16585E-02  0.18753E-02 -0.41901E-02 -0.79352E-02 -0.43508E-02
  0.46875E+02  0.37862E-02  0.27973E-02  0.25828E-02 -0.44770E-04 -0.49469E-02 -0.96465E-02 -0.86931E-03  0.19572E-02  0.25238E-02 -0.39522E-02 -0.57295E-02 -0.10193E-01
  0.47266E+02  0.38438E-02  0.24175E-02  0.23943E-02  0.14332E-03 -0.49794E-02 -0.62920E-02  0.23894E-03  0.22505E-02  0.30992E-02 -0.34879E-02 -0.39067E-02 -0.13750E-01
  0.47656E+02  0.32624E-02  0.20826E-02  0.21886E-02  0.28373E-03 -0.47199E-02 -0.32602E-02  0.18550E-03  0.25115E-02  0.35842E-02 -0.27947E-02 -0.29547E-02 -0.14387E-01
  0.48047E+02  0.20773E-02  0.18047E-02  0.19676E-02  0.37513E-03 -0.42425E-02 -0.17871E-02 -0.59148E-03  0.27137E-02  0.39704E-02 -0.19657E-02 -0.28024E-02 -0.12202E-01
  0.48438E+02  0.47597E-03  0.15631E-02  0.17317E-02  0.43452E-03 -0.36645E-02 -0.25446E-02 -0.12978E-02  0.28425E-02  0.42584E-02 -0.11238E-02 -0.30269E-02 -0.80299E-02
  0.48828E+02 -0.11247E-02  0.13257E-02  0.14827E-02  0.48256E-03 -0.30893E-02 -0.53192E-02 -0.13961E-02  0.28981E-02  0.44549E-02 -0.36661E-03 -0.31628E-02 -0.32518E-02
  0.49219E+02 -0.22614E-02  0.10682E-02  0.12243E-02  0.53341E-03 -0.25787E-02 -0.90386E-02 -0.83884E-03  0.28922E-02  0.45683E-02  0.26151E-03 -0.29256E-02  0.54215E-03
  0.49609E+02 -0.25830E-02  0.78400E-03  0.96173E-03  0.59058E-03 -0.21426E-02 -0.12259E-01  0.89149E-04  0.28403E-02  0.46060E-02  0.76879E-03 -0.22789E-02  0.20930E-02
  0.50000E+02 -0.19719E-02  0.48324E-03  0.70124E-03  0.64827E-03 -0.17517E-02 -0.13822E-01  0.10178E-02  0.27554E-02  0.45736E-02  0.11935E-02 -0.13734E-02  0.91578E-03
  0.50391E+02 -0.67102E-03  0.18487E-03  0.44841E-03  0.69639E-03 -0.13666E-02 -0.13386E-01  0.16836E-02  0.26448E-02  0.44753E-02  0.15759E-02 -0.42749E-03 -0.25123E-02
  0.50781E+02  0.81079E-03 -0.92859E-04  0.20759E-03  0.72618E-03 -0.96235E-03 -0.11493E-01  0.20072E-02  0.25106E-02  0.43153E-02  0.19385E-02  0.37949E-03 -0.68329E-02
  0.51172E+02  0.18854E-02 -0.33865E-03 -0.18344E-04  0.73379E-03 -0.53661E-03 -0.90607E-02  0.20621E-02  0.23518E-02  0.40987E-02  0.22816E-02  0.96637E-03 -0.10330E-01
  0.51562E+02  0.20629E-02 -0.54978E-03 -0.22760E-03  0.72084E-03 -0.10556E-03 -0.68375E-02  0.19932E-02  0.21678E-02  0.38321E-02  0.25892E-02  0.13517E-02 -0.11714E-01
  0.51953E+02  0.12469E-02 -0.72973E-03 -0.41892E-03  0.69252E-03  0.30678E-03 -0.52863E-02  0.19353E-02  0.19601E-02  0.35233E-02  0.28409E-02  0.16125E-02 -0.10680E-01
  0.52344E+02 -0.16079E-03 -0.88421E-03 -0.59123E-03  0.65479E-03  0.67926E-03 -0.46002E-02  0.19576E-02  0.17330E-02  0.31809E-02  0.30220E-02  0.18320E-02 -0.79790E-02
  0.52734E+02 -0.14952E-02 -0.10178E-02 -0.74345E-03  0.61208E-03  0.10002E-02 -0.45881E-02  0.20567E-02  0.14925E-02  0.28136E-02  0.31283E-02  0.20617E-02 -0.49094E-02
  0.53125E+02 -0.21368E-02 -0.11320E-02 -0.87461E-03  0.56633E-03  0.12684E-02 -0.47325E-02  0.21855E-02  0.12452E-02  0.24292E-02  0.31654E-02  0.23105E-02 -0.25112E-02
  0.53516E+02 -0.18654E-02 -0.12259E-02 -0.98400E-03  0.51743E-03  0.14894E-02 -0.45330E-02  0.22854E-02  0.99713E-03  0.20350E-02  0.31448E-02  0.25541E-02 -0.12062E-02
  0.53906E+02 -0.10324E-02 -0.12970E-02 -0.10712E-02  0.46430E-03  0.16711E-02 -0.37899E-02  0.23115E-02  0.75294E-03  0.16370E-02  0.30782E-02  0.27553E-02 -0.98607E-03
  0.54297E+02 -0.22896E-03 -0.13432E-02 -0.11363E-02  0.40606E-03  0.18189E-02 -0.26192E-02  0.22516E-02  0.51590E-03  0.12410E-02  0.29747E-02  0.28850E-02 -0.15467E-02
  0.54688E+02  0.16768E-03 -0.13637E-02 -0.11796E-02  0.34272E-03  0.19346E-02 -0.12994E-02  0.21229E-02  0.28829E-03  0.85249E-03  0.28392E-02  0.29323E-02 -0.22857E-02
  0.55078E+02  0.11814E-03 -0.13598E-02 -0.12020E-02  0.27538E-03  0.20168E-02 -0.99215E-04  0.19554E-02  0.71959E-04  0.47689E-03  0.26736E-02  0.29046E-02 -0.25619E-02
  0.55469E+02 -0.19920E-03 -0.13340E-02 -0.12047E-02  0.20596E-03  0.20630E-02  0.82912E-03  0.17763E-02 -0.13122E-03  0.11923E-03  0.24792E-02  0.28201E-02 -0.20964E-02
  0.55859E+02 -0.54982E-03 -0.12893E-02 -0.11890E-02  0.13665E-03  0.20717E-02  0.14725E-02  0.16019E-02 -0.31917E-03 -0.21604E-03  0.22579E-02  0.26980E-02 -0.10657E-02
  0.56250E+02 -0.76208E-03 -0.12285E-02 -0.11564E-02  0.69425E-04  0.20438E-02  0.19177E-02  0.14355E-02 -0.48981E-03 -0.52522E-03  0.20138E-02  0.25522E-02  0.12600E-03
  0.56641E+02 -0.77626E-03 -0.11539E-02 -0.11084E-02  0.56936E-05  0.19826E-02  0.22811E-02  0.12713E-02 -0.64129E-03 -0.80538E-03  0.17527E-02  0.23889E-02  0.11175E-02
  0.57031E+02 -0.63178E-03 -0.10675E-02 -0.10468E-02 -0.53754E-04  0.18928E-02  0.26448E-02  0.11010E-02 -0.77229E-03 -0.10542E-02  0.14809E-02  0.22083E-02  0.17355E-02
  0.57422E+02 -0.41944E-03 -0.97075E-03 -0.97317E-03 -0.10856E-03  0.17792E-02  0.30308E-02  0.91987E-03 -0.88206E-03 -0.12701E-02  0.12047E-02  0.20083E-02  0.20026E-02
  0.57812E+02 -0.22813E-03 -0.86548E-03 -0.88960E-03 -0.15854E-03  0.16463E-02  0.34145E-02  0.72841E-03 -0.97042E-03 -0.14518E-02  0.92929E-03  0.17879E-02  0.20611E-02
  0.58203E+02 -0.10910E-03 -0.75370E-03 -0.79805E-03 -0.20350E-03  0.14977E-02  0.37511E-02  0.53207E-03 -0.10377E-02 -0.15990E-02  0.65902E-03  0.15493E-02  0.20732E-02
  0.58594E+02 -0.67041E-04 -0.63763E-03 -0.70051E-03 -0.24317E-03  0.13367E-02  0.39969E-02  0.33834E-03 -0.10844E-02 -0.17116E-02  0.39742E-03  0.12977E-02  0.21464E-02
  0.58984E+02 -0.73094E-04 -0.51958E-03 -0.59895E-03 -0.27720E-03  0.11661E-02  0.41277E-02  0.15405E-03 -0.11115E-02 -0.17902E-02  0.14747E-03  0.10403E-02  0.23082E-02
  0.59375E+02 -0.87631E-04 -0.40171E-03 -0.49524E-03 -0.30529E-03  0.98857E-03  0.41466E-02 -0.16391E-04 -0.11199E-02 -0.18358E-02 -0.88105E-04  0.78441E-03  0.25197E-02
  0.59766E+02 -0.80774E-04 -0.28594E-03 -0.39113E-03 -0.32725E-03  0.80707E-03  0.40758E-02 -0.17123E-03 -0.11108E-02 -0.18501E-02 -0.30677E-03  0.53577E-03  0.27125E-02
  0.60156E+02 -0.42218E-04 -0.17389E-03 -0.28819E-03 -0.34305E-03  0.62464E-03  0.39420E-02 -0.31060E-03 -0.10852E-02 -0.18349E-02 -0.50619E-03  0.29825E-03  0.28266E-02
  0.60547E+02  0.20745E-04 -0.66925E-04 -0.18790E-03 -0.35274E-03  0.44439E-03  0.37663E-02 -0.43528E-03 -0.10448E-02 -0.17927E-02 -0.68436E-03  0.74072E-04  0.28358E-02
  0.60938E+02  0.91597E-04  0.33745E-04 -0.91554E-04 -0.35651E-03  0.26926E-03  0.35604E-02 -0.54571E-03 -0.99088E-03 -0.17260E-02 -0.83975E-03 -0.13537E-03  0.27490E-02
  0.61328E+02  0.15395E-03  0.12707E-03 -0.34255E-06 -0.35460E-03  0.10185E-03  0.33267E-02 -0.64160E-03 -0.92532E-03 -0.16374E-02 -0.97140E-03 -0.32890E-03  0.25964E-02
  0.61719E+02  0.19822E-03  0.21212E-03  0.84677E-04 -0.34736E-03 -0.55634E-04  0.30632E-02 -0.72208E-03 -0.84995E-03 -0.15298E-02 -0.10789E-02 -0.50520E-03  0.24116E-02
  0.62109E+02  0.22350E-03  0.28815E-03  0.16259E-03 -0.33523E-03 -0.20143E-03  0.27680E-02 -0.78618E-03 -0.76665E-03 -0.14060E-02 -0.11624E-02 -0.66277E-03  0.22192E-02
  0.62500E+02  0.23508E-03  0.35457E-03  0.23263E-03 -0.31876E-03 -0.33413E-03  0.24434E-02 -0.83338E-03 -0.67729E-03 -0.12691E-02 -0.12223E-02 -0.80010E-03  0.20287E-02
  0.62891E+02  0.24031E-03  0.41104E-03  0.29427E-03 -0.29855E-03 -0.45262E-03  0.20960E-02 -0.86377E-03 -0.58370E-03 -0.11222E-02 -0.12593E-02 -0.91593E-03  0.18376E-02
  0.63281E+02  0.24493E-03  0.45739E-03  0.34716E-03 -0.27520E-03 -0.55609E-03  0.17353E-02 -0.87811E-03 -0.48762E-03 -0.96820E-03 -0.12745E-02 -0.10095E-02  0.16375E-02
  0.63672E+02  0.25125E-03  0.49366E-03  0.39116E-03 -0.24929E-03 -0.64399E-03  0.13717E-02 -0.87759E-03 -0.39068E-03 -0.81008E-03 -0.12692E-02 -0.10807E-02  0.14217E-02
  0.64062E+02  0.25831E-03  0.52002E-03  0.42626E-03 -0.22137E-03 -0.71609E-03  0.10137E-02 -0.86357E-03 -0.29446E-03 -0.65050E-03 -0.12448E-02 -0.11301E-02  0.11893E-02
  0.64453E+02  0.26343E-03  0.53673E-03  0.45255E-03 -0.19195E-03 -0.77235E-03  0.66776E-03 -0.83747E-03 -0.20037E-03 -0.49196E-03 -0.12032E-02 -0.11588E-02  0.94499E-03
  0.64844E+02  0.26397E-03  0.54415E-03  0.47021E-03 -0.16153E-03 -0.81296E-03  0.33788E-03 -0.80061E-03 -0.10976E-03 -0.33674E-03 -0.11460E-02 -0.11679E-02  0.69740E-03
  0.65234E+02  0.25854E-03  0.54272E-03  0.47950E-03 -0.13057E-03 -0.83828E-03  0.26658E-04 -0.75429E-03 -0.23788E-04 -0.18694E-03 -0.10752E-02 -0.11588E-02  0.45552E-03
  0.65625E+02  0.24732E-03  0.53298E-03  0.48080E-03 -0.99551E-04 -0.84890E-03 -0.26390E-03 -0.69975E-03  0.56513E-04 -0.44487E-04 -0.99282E-03 -0.11327E-02  0.22629E-03
  0.66016E+02  0.23156E-03  0.51563E-03  0.47457E-03 -0.68959E-04 -0.84563E-03 -0.53167E-03 -0.63830E-03  0.13030E-03  0.88933E-04 -0.90077E-03 -0.10909E-02  0.13455E-04
  0.66406E+02  0.21293E-03  0.49148E-03  0.46142E-03 -0.39281E-04 -0.82948E-03 -0.77425E-03 -0.57131E-03  0.19692E-03  0.21185E-03 -0.80116E-03 -0.10350E-02 -0.18186E-03
  0.66797E+02  0.19280E-03  0.46144E-03  0.44203E-03 -0.11005E-04 -0.80163E-03 -0.98912E-03 -0.50017E-03  0.25586E-03  0.32303E-03 -0.69604E-03 -0.96677E-03 -0.35990E-03
  0.67188E+02  0.17198E-03  0.42641E-03  0.41718E-03  0.15435E-04 -0.76339E-03 -0.11741E-02 -0.42630E-03  0.30680E-03  0.42155E-03 -0.58743E-03 -0.88801E-03 -0.52092E-03
  0.67578E+02  0.15072E-03  0.38730E-03  0.38764E-03  0.39692E-04 -0.71616E-03 -0.13279E-02 -0.35102E-03  0.34954E-03  0.50677E-03 -0.47727E-03 -0.80079E-03 -0.66452E-03
  0.67969E+02  0.12895E-03  0.34497E-03  0.35420E-03  0.61531E-04 -0.66136E-03 -0.14501E-02 -0.27557E-03  0.38399E-03  0.57830E-03 -0.36739E-03 -0.70717E-03 -0.78958E-03
  0.68359E+02  0.10657E-03  0.30026E-03  0.31765E-03  0.80808E-04 -0.60038E-03 -0.15410E-02 -0.20111E-03  0.41020E-03  0.63606E-03 -0.25947E-03 -0.60919E-03 -0.89473E-03
  0.68750E+02  0.83651E-04  0.25401E-03  0.27873E-03  0.97442E-04 -0.53459E-03 -0.16017E-02 -0.12866E-03  0.42833E-03  0.68013E-03 -0.15502E-03 -0.50872E-03 -0.97887E-03
  0.69141E+02  0.60520E-04  0.20701E-03  0.23818E-03  0.11139E-03 -0.46528E-03 -0.16338E-02 -0.59201E-04  0.43865E-03  0.71079E-03 -0.55378E-04 -0.40750E-03 -0.10416E-02
  0.69531E+02  0.37687E-04  0.16004E-03  0.19672E-03  0.12263E-03 -0.39373E-03 -0.16388E-02  0.64150E-05  0.44152E-03  0.72846E-03  0.38281E-04 -0.30710E-03 -0.10831E-02
  0.69922E+02  0.15717E-04  0.11383E-03  0.15506E-03  0.13121E-03 -0.32114E-03 -0.16187E-02  0.67442E-04  0.43744E-03  0.73373E-03  0.12494E-03 -0.20892E-03 -0.11046E-02
  0.70312E+02 -0.49052E-05  0.69086E-04  0.11385E-03  0.13719E-03 -0.24867E-03 -0.15753E-02  0.12326E-03  0.42693E-03  0.72734E-03  0.20373E-03 -0.11429E-03 -0.11075E-02
  0.70703E+02 -0.23848E-04  0.26411E-04  0.73747E-04  0.14067E-03 -0.17741E-03 -0.15109E-02  0.17338E-03  0.41063E-03  0.71018E-03  0.27397E-03 -0.24400E-04 -0.10934E-02
  0.71094E+02 -0.40931E-04 -0.13662E-04  0.35311E-04  0.14181E-03 -0.10834E-03 -0.14277E-02  0.21741E-03  0.38917E-03  0.68329E-03  0.33514E-03  0.59645E-04 -0.10640E-02
  0.71484E+02 -0.56078E-04 -0.50704E-04 -0.96641E-06  0.14074E-03 -0.42368E-04 -0.13283E-02  0.25508E-03  0.36323E-03  0.64777E-03  0.38694E-03  0.13693E-03 -0.10207E-02
  0.71875E+02 -0.69273E-04 -0.84383E-04 -0.34685E-04  0.13765E-03  0.19736E-04 -0.12152E-02  0.28623E-03  0.33351E-03  0.60480E-03  0.42922E-03  0.20673E-03 -0.96505E-03
  0.72266E+02 -0.80514E-04 -0.11445E-03 -0.65526E-04  0.13273E-03  0.77310E-04 -0.10912E-02  0.31081E-03  0.30070E-03  0.55557E-03  0.46202E-03  0.26854E-03 -0.89853E-03
  0.72656E+02 -0.89801E-04 -0.14071E-03 -0.93237E-04  0.12620E-03  0.12981E-03 -0.95903E-03  0.32889E-03  0.26552E-03  0.50126E-03  0.48551E-03  0.32203E-03 -0.82281E-03
  0.73047E+02 -0.97132E-04 -0.16303E-03 -0.11762E-03  0.11826E-03  0.17679E-03 -0.82117E-03  0.34064E-03  0.22866E-03  0.44304E-03  0.50000E-03  0.36701E-03 -0.73962E-03
  0.73438E+02 -0.10251E-03 -0.18132E-03 -0.13854E-03  0.10913E-03  0.21790E-03 -0.68012E-03  0.34631E-03  0.19082E-03  0.38206E-03  0.50589E-03  0.40340E-03 -0.65077E-03
  0.73828E+02 -0.10595E-03 -0.19558E-03 -0.15590E-03  0.98996E-04  0.25291E-03 -0.53820E-03  0.34625E-03  0.15265E-03  0.31942E-03  0.50367E-03  0.43123E-03 -0.55800E-03
  0.74219E+02 -0.10752E-03 -0.20586E-03 -0.16969E-03  0.88072E-04  0.28166E-03 -0.39761E-03  0.34086E-03  0.11478E-03  0.25621E-03  0.49392E-03  0.45066E-03 -0.46304E-03
  0.74609E+02 -0.10730E-03 -0.21229E-03 -0.17992E-03  0.76566E-04  0.30412E-03 -0.26041E-03  0.33061E-03  0.77750E-04  0.19341E-03  0.47730E-03  0.46193E-03 -0.36749E-03
  0.75000E+02 -0.10544E-03 -0.21503E-03 -0.18670E-03  0.64692E-04  0.32038E-03 -0.12846E-03  0.31599E-03  0.42085E-04  0.13198E-03  0.45454E-03  0.46543E-03 -0.27286E-03
  0.75391E+02 -0.10210E-03 -0.21430E-03 -0.19016E-03  0.52653E-04  0.33060E-03 -0.34591E-05  0.29754E-03  0.82292E-05  0.72758E-04  0.42639E-03  0.46161E-03 -0.18050E-03
  0.75781E+02 -0.97454E-04 -0.21036E-03 -0.19048E-03  0.40635E-04  0.33503E-03  0.11315E-03  0.27579E-03 -0.23427E-04  0.16488E-04  0.39364E-03  0.45102E-03 -0.91649E-04
  0.76172E+02 -0.91673E-04 -0.20348E-03 -0.18788E-03  0.28800E-04  0.33400E-03  0.22014E-03  0.25130E-03 -0.52553E-04 -0.36187E-04  0.35713E-03  0.43427E-03 -0.73784E-05
  0.76562E+02 -0.84915E-04 -0.19397E-03 -0.18260E-03  0.17298E-04  0.32786E-03  0.31651E-03  0.22464E-03 -0.78877E-04 -0.84724E-04  0.31764E-03  0.41205E-03  0.71337E-04
  0.76953E+02 -0.77332E-04 -0.18214E-03 -0.17489E-03  0.62744E-05  0.31704E-03  0.40150E-03  0.19638E-03 -0.10218E-03 -0.12867E-03  0.27597E-03  0.38505E-03  0.14364E-03
  0.77344E+02 -0.69073E-04 -0.16832E-03 -0.16504E-03 -0.41317E-05  0.30201E-03  0.47457E-03  0.16706E-03 -0.12232E-03 -0.16766E-03  0.23291E-03  0.35400E-03  0.20883E-03
  0.77734E+02 -0.60290E-04 -0.15285E-03 -0.15333E-03 -0.13788E-04  0.28329E-03  0.53541E-03  0.13721E-03 -0.13918E-03 -0.20142E-03  0.18920E-03  0.31963E-03  0.26633E-03
  0.78125E+02 -0.51146E-04 -0.13608E-03 -0.14005E-03 -0.22581E-04  0.26144E-03  0.58390E-03  0.10730E-03 -0.15274E-03 -0.22977E-03  0.14558E-03  0.28270E-03  0.31578E-03
  0.78516E+02 -0.41809E-04 -0.11834E-03 -0.12551E-03 -0.30422E-04  0.23703E-03  0.62014E-03  0.77802E-04 -0.16300E-03 -0.25263E-03  0.10271E-03  0.24395E-03  0.35693E-03
  0.78906E+02 -0.32452E-04 -0.99992E-04 -0.11004E-03 -0.37246E-04  0.21062E-03  0.64441E-03  0.49119E-04 -0.17003E-03 -0.27003E-03  0.61220E-04  0.20415E-03  0.38974E-03
  0.79297E+02 -0.23237E-04 -0.81351E-04 -0.93931E-04 -0.43014E-04  0.18276E-03  0.65717E-03  0.21639E-04 -0.17394E-03 -0.28207E-03  0.21654E-04  0.16400E-03  0.41426E-03
  0.79688E+02 -0.14307E-04 -0.62720E-04 -0.77488E-04 -0.47709E-04  0.15398E-03  0.65904E-03 -0.42913E-05 -0.17488E-03 -0.28895E-03 -0.15511E-04  0.12415E-03  0.43073E-03
  0.80078E+02 -0.57818E-05 -0.44379E-04 -0.60987E-04 -0.51338E-04  0.12477E-03  0.65076E-03 -0.28370E-04 -0.17303E-03 -0.29092E-03 -0.49875E-04  0.85202E-04  0.43946E-03
  0.80469E+02  0.22432E-05 -0.26585E-04 -0.44688E-04 -0.53924E-04  0.95602E-04  0.63317E-03 -0.50344E-04 -0.16861E-03 -0.28828E-03 -0.81109E-04  0.47667E-04  0.44088E-03
  0.80859E+02  0.96875E-05 -0.95753E-05 -0.28831E-04 -0.55508E-04  0.66902E-04  0.60718E-03 -0.70015E-04 -0.16185E-03 -0.28140E-03 -0.10895E-03  0.12010E-04  0.43547E-03
  0.81250E+02  0.16482E-04  0.64354E-05 -0.13634E-04 -0.56139E-04  0.39079E-04  0.57374E-03 -0.87235E-04 -0.15302E-03 -0.27066E-03 -0.13321E-03 -0.21359E-04  0.42376E-03
  0.81641E+02  0.22565E-04  0.21264E-04  0.71143E-06 -0.55874E-04  0.12504E-04  0.53386E-03 -0.10191E-03 -0.14239E-03 -0.25649E-03 -0.15375E-03 -0.52086E-04  0.40636E-03
  0.82031E+02  0.27889E-04  0.34762E-04  0.14041E-04 -0.54776E-04 -0.12495E-04  0.48861E-03 -0.11400E-03 -0.13025E-03 -0.23935E-03 -0.17052E-03 -0.79877E-04  0.38391E-03
  0.82422E+02  0.32416E-04  0.46815E-04  0.26223E-04 -0.52916E-04 -0.35639E-04  0.43906E-03 -0.12349E-03 -0.11688E-03 -0.21971E-03 -0.18350E-03 -0.10450E-03  0.35710E-03
  0.82812E+02  0.36127E-04  0.57340E-04  0.37153E-04 -0.50374E-04 -0.56702E-04  0.38625E-03 -0.13042E-03 -0.10258E-03 -0.19804E-03 -0.19277E-03 -0.12581E-03  0.32666E-03
  0.83203E+02  0.39022E-04  0.66285E-04  0.46753E-04 -0.47236E-04 -0.75507E-04  0.33124E-03 -0.13485E-03 -0.87627E-04 -0.17482E-03 -0.19845E-03 -0.14370E-03  0.29331E-03
  0.83594E+02  0.41118E-04  0.73622E-04  0.54972E-04 -0.43591E-04 -0.91925E-04  0.27502E-03 -0.13688E-03 -0.72290E-04 -0.15053E-03 -0.20068E-03 -0.15814E-03  0.25777E-03
  0.83984E+02  0.42444E-04  0.79345E-04  0.61780E-04 -0.39529E-04 -0.10587E-03  0.21851E-03 -0.13664E-03 -0.56831E-04 -0.12560E-03 -0.19969E-03 -0.16917E-03  0.22074E-03
  0.84375E+02  0.43040E-04  0.83472E-04  0.67168E-04 -0.35139E-04 -0.11729E-03  0.16261E-03 -0.13430E-03 -0.41493E-04 -0.10045E-03 -0.19570E-03 -0.17684E-03  0.18287E-03
  0.84766E+02  0.42947E-04  0.86042E-04  0.71148E-04 -0.30513E-04 -0.12618E-03  0.10810E-03 -0.13003E-03 -0.26508E-04 -0.75492E-04 -0.18897E-03 -0.18129E-03  0.14479E-03
  0.85156E+02  0.42210E-04  0.87116E-04  0.73753E-04 -0.25743E-04 -0.13257E-03  0.55725E-04 -0.12404E-03 -0.12086E-04 -0.51084E-04 -0.17980E-03 -0.18264E-03  0.10708E-03
  0.85547E+02  0.40877E-04  0.86774E-04  0.75036E-04 -0.20919E-04 -0.13654E-03  0.61437E-05 -0.11655E-03  0.15880E-05 -0.27569E-04 -0.16850E-03 -0.18109E-03  0.70289E-04
  0.85938E+02  0.39006E-04  0.85117E-04  0.75074E-04 -0.16121E-04 -0.13819E-03 -0.40070E-04 -0.10778E-03  0.14353E-04 -0.52508E-05 -0.15538E-03 -0.17685E-03  0.34928E-04
  0.86328E+02  0.36664E-04  0.82266E-04  0.73959E-04 -0.11423E-04 -0.13767E-03 -0.82430E-04 -0.97938E-04  0.26078E-04  0.15602E-04 -0.14077E-03 -0.17018E-03  0.14517E-05
  0.86719E+02  0.33922E-04  0.78351E-04  0.71796E-04 -0.68893E-05 -0.13515E-03 -0.12055E-03 -0.87248E-04  0.36659E-04  0.34765E-04 -0.12502E-03 -0.16135E-03 -0.29742E-04
  0.87109E+02  0.30855E-04  0.73506E-04  0.68698E-04 -0.25743E-05 -0.13080E-03 -0.15413E-03 -0.75928E-04  0.46018E-04  0.52060E-04 -0.10843E-03 -0.15066E-03 -0.58326E-04
  0.87500E+02  0.27533E-04  0.67866E-04  0.64778E-04  0.14716E-05 -0.12481E-03 -0.18300E-03 -0.64192E-04  0.54099E-04  0.67354E-04 -0.91331E-04 -0.13842E-03 -0.84048E-04
  0.87891E+02  0.24024E-04  0.61564E-04  0.60152E-04  0.52031E-05 -0.11737E-03 -0.20706E-03 -0.52246E-04  0.60869E-04  0.80554E-04 -0.74008E-04 -0.12492E-03 -0.10673E-03
  0.88281E+02  0.20392E-04  0.54735E-04  0.54936E-04  0.85805E-05 -0.10872E-03 -0.22629E-03 -0.40288E-04  0.66313E-04  0.91603E-04 -0.56739E-04 -0.11045E-03 -0.12624E-03
  0.88672E+02  0.16698E-04  0.47518E-04  0.49251E-04  0.11572E-04 -0.99049E-04 -0.24072E-03 -0.28504E-04  0.70438E-04  0.10048E-03 -0.39781E-04 -0.95271E-04 -0.14251E-03
  0.89062E+02  0.13003E-04  0.40052E-04  0.43216E-04  0.14155E-04 -0.88597E-04 -0.25048E-03 -0.17063E-04  0.73271E-04  0.10718E-03 -0.23376E-04 -0.79669E-04 -0.15551E-03
  0.89453E+02  0.93649E-05  0.32474E-04  0.36951E-04  0.16318E-04 -0.77582E-04 -0.25571E-03 -0.61155E-05  0.74857E-04  0.11175E-03 -0.77399E-05 -0.63917E-04 -0.16526E-03
  0.89844E+02  0.58370E-05  0.24915E-04  0.30574E-04  0.18056E-04 -0.66219E-04 -0.25666E-03  0.42113E-05  0.75258E-04  0.11426E-03  0.69342E-05 -0.48283E-04 -0.17181E-03
  0.90234E+02  0.24709E-05  0.17496E-04  0.24199E-04  0.19377E-04 -0.54714E-04 -0.25360E-03  0.13810E-04  0.74551E-04  0.11479E-03  0.20484E-04 -0.33012E-04 -0.17528E-03
  0.90625E+02 -0.68737E-06  0.10323E-04  0.17930E-04  0.20291E-04 -0.43254E-04 -0.24686E-03  0.22593E-04  0.72827E-04  0.11348E-03  0.32779E-04 -0.18323E-04 -0.17584E-03
  0.91016E+02 -0.35995E-05  0.34865E-05  0.11859E-04  0.20817E-04 -0.32008E-04 -0.23683E-03  0.30485E-04  0.70183E-04  0.11048E-03  0.43718E-04 -0.43969E-05 -0.17369E-03
  0.91406E+02 -0.62365E-05 -0.29357E-05  0.60629E-05  0.20975E-04 -0.21126E-04 -0.22387E-03  0.37428E-04  0.66722E-04  0.10595E-03  0.53231E-04  0.86142E-05 -0.16906E-03
  0.91797E+02 -0.85782E-05 -0.88754E-05  0.60835E-06  0.20789E-04 -0.10744E-04 -0.20841E-03  0.43380E-04  0.62552E-04  0.10007E-03  0.61271E-04  0.20587E-04 -0.16219E-03
  0.92188E+02 -0.10612E-04 -0.14272E-04 -0.44491E-05  0.20286E-04 -0.98626E-06 -0.19085E-03  0.48317E-04  0.57786E-04  0.93020E-04  0.67811E-04  0.31422E-04 -0.15335E-03
  0.92578E+02 -0.12332E-04 -0.19075E-04 -0.90603E-05  0.19492E-04  0.80345E-05 -0.17159E-03  0.52233E-04  0.52538E-04  0.84973E-04  0.72853E-04  0.41042E-04 -0.14281E-03
  0.92969E+02 -0.13736E-04 -0.23247E-04 -0.13183E-04  0.18440E-04  0.16222E-04 -0.15104E-03  0.55143E-04  0.46929E-04  0.76117E-04  0.76418E-04  0.49387E-04 -0.13082E-03
  0.93359E+02 -0.14825E-04 -0.26768E-04 -0.16783E-04  0.17164E-04  0.23498E-04 -0.12960E-03  0.57078E-04  0.41074E-04  0.66638E-04  0.78556E-04  0.56413E-04 -0.11767E-03
  0.93750E+02 -0.15604E-04 -0.29633E-04 -0.19841E-04  0.15701E-04  0.29813E-04 -0.10765E-03  0.58082E-04  0.35089E-04  0.56725E-04  0.79341E-04  0.62099E-04 -0.10363E-03
  0.94141E+02 -0.16079E-04 -0.31851E-04 -0.22349E-04  0.14087E-04  0.35139E-04 -0.85568E-04  0.58213E-04  0.29077E-04  0.46563E-04  0.78862E-04  0.66444E-04 -0.88978E-04
  0.94531E+02 -0.16262E-04 -0.33438E-04 -0.24310E-04  0.12361E-04  0.39471E-04 -0.63712E-04  0.57534E-04  0.23136E-04  0.36331E-04  0.77225E-04  0.69477E-04 -0.73991E-04
  0.94922E+02 -0.16169E-04 -0.34415E-04 -0.25740E-04  0.10560E-04  0.42815E-04 -0.42400E-04  0.56113E-04  0.17353E-04  0.26191E-04  0.74535E-04  0.71244E-04 -0.58936E-04
  0.95312E+02 -0.15819E-04 -0.34812E-04 -0.26662E-04  0.87230E-05  0.45190E-04 -0.21916E-04  0.54024E-04  0.11811E-04  0.16292E-04  0.70904E-04  0.71812E-04 -0.44058E-04
  0.95703E+02 -0.15238E-04 -0.34660E-04 -0.27106E-04  0.68872E-05  0.46624E-04 -0.25092E-05  0.51348E-04  0.65850E-05  0.67615E-05  0.66442E-04  0.71259E-04 -0.29573E-04
  0.96094E+02 -0.14454E-04 -0.33999E-04 -0.27104E-04  0.50862E-05  0.47159E-04  0.15607E-04  0.48169E-04  0.17433E-05 -0.22873E-05  0.61269E-04  0.69679E-04 -0.15675E-04
  0.96484E+02 -0.13498E-04 -0.32876E-04 -0.26692E-04  0.33474E-05  0.46850E-04  0.32248E-04  0.44579E-04 -0.26593E-05 -0.10755E-04  0.55510E-04  0.67172E-04 -0.25321E-05
  0.96875E+02 -0.12399E-04 -0.31346E-04 -0.25907E-04  0.16931E-05  0.45769E-04  0.47266E-04  0.40667E-04 -0.65812E-05 -0.18552E-04  0.49297E-04  0.63841E-04  0.97075E-05
  0.97266E+02 -0.11184E-04 -0.29465E-04 -0.24795E-04  0.14282E-06  0.43998E-04  0.60546E-04  0.36524E-04 -0.99951E-05 -0.25604E-04  0.42761E-04  0.59791E-04  0.20917E-04
  0.97656E+02 -0.98776E-05 -0.27294E-04 -0.23403E-04 -0.12841E-05  0.41623E-04  0.72007E-04  0.32233E-04 -0.12886E-04 -0.31849E-04  0.36034E-04  0.55127E-04  0.30991E-04
  0.98047E+02 -0.85041E-05 -0.24896E-04 -0.21783E-04 -0.25706E-05  0.38730E-04  0.81605E-04  0.27872E-04 -0.15252E-04 -0.37244E-04  0.29237E-04  0.49959E-04  0.39846E-04
  0.98438E+02 -0.70905E-05 -0.22331E-04 -0.19987E-04 -0.37039E-05  0.35404E-04  0.89326E-04  0.23509E-04 -0.17100E-04 -0.41768E-04  0.22479E-04  0.44400E-04  0.47422E-04
  0.98828E+02 -0.56653E-05 -0.19661E-04 -0.18061E-04 -0.46780E-05  0.31733E-04  0.95191E-04  0.19212E-04 -0.18446E-04 -0.45418E-04  0.15858E-04  0.38567E-04  0.53688E-04
  0.99219E+02 -0.42555E-05 -0.16944E-04 -0.16061E-04 -0.54910E-05  0.27808E-04  0.99248E-04  0.15038E-04 -0.19311E-04 -0.48206E-04  0.94607E-05  0.32577E-04  0.58641E-04
  0.99609E+02 -0.28865E-05 -0.14243E-04 -0.14001E-04 -0.61462E-05  0.23714E-04  0.10157E-03  0.11048E-04 -0.19720E-04 -0.50158E-04  0.33693E-05  0.26532E-04  0.62299E-04
