  0.00000E+00  0.61800E-04 -0.87961E-05 -0.42727E-04 -0.91083E-05 -0.29345E-04  0.30862E-05  0.55124E-05  0.15771E-04  0.15642E-04  0.97602E-05  0.77880E-04  0.62225E-04
  0.39062E+00  0.57609E-04 -0.13433E-04 -0.44509E-04 -0.15009E-04 -0.32197E-04  0.19194E-05  0.78435E-05  0.19121E-04  0.19555E-04  0.11948E-04  0.72229E-04  0.64793E-04
  0.78125E+00  0.55559E-04 -0.16943E-04 -0.55554E-04 -0.25645E-04 -0.35229E-04  0.96781E-05  0.79911E-06  0.19170E-04  0.10228E-03  0.90173E-05  0.70084E-04  0.69482E-04
  0.11719E+01  0.60010E-04 -0.20326E-04 -0.79930E-04 -0.61502E-04 -0.36838E-04  0.52844E-04 -0.52457E-04  0.13334E-04  0.56328E-03 -0.82051E-05  0.92231E-04  0.93451E-04
  0.15625E+01  0.69880E-04 -0.22140E-04 -0.92508E-04 -0.13135E-03 -0.33023E-04  0.14565E-03 -0.22410E-03  0.49234E-05  0.19497E-02 -0.43851E-04  0.17080E-03  0.17797E-03
  0.19531E+01  0.72334E-04 -0.16547E-04 -0.13948E-04 -0.80912E-04 -0.22419E-04  0.21438E-03 -0.56117E-03  0.17379E-05  0.47951E-02 -0.68340E-04  0.28247E-03  0.37563E-03
  0.23438E+01  0.50306E-04  0.10985E-05  0.15134E-03  0.55464E-03 -0.92953E-05  0.12037E-03 -0.98464E-03  0.72874E-05  0.94486E-02 -0.43207E-04  0.30809E-03  0.68960E-03
  0.27344E+01  0.33439E-06  0.25309E-04 -0.15111E-03  0.23583E-02 -0.33728E-05 -0.16215E-03 -0.12898E-02  0.10703E-04  0.16087E-01 -0.11047E-03  0.13185E-03  0.10005E-02
  0.31250E+01 -0.63487E-04  0.42141E-04 -0.24338E-02  0.55722E-02 -0.41805E-04 -0.43607E-03 -0.13267E-02 -0.41890E-05  0.24264E-01 -0.74753E-03 -0.19959E-03  0.11020E-02
  0.35156E+01 -0.12083E-03  0.70652E-04 -0.84575E-02  0.98740E-02 -0.31636E-03 -0.44436E-03 -0.11957E-02 -0.58390E-04  0.32137E-01 -0.24710E-02 -0.48560E-03  0.85736E-03
  0.39062E+01 -0.15067E-03  0.16563E-03 -0.18407E-01  0.14469E-01 -0.12819E-02 -0.11831E-03 -0.11573E-02 -0.23021E-03  0.36687E-01 -0.52849E-02 -0.50547E-03  0.32067E-03
  0.42969E+01 -0.13453E-03  0.30220E-03 -0.29617E-01  0.18158E-01 -0.32637E-02  0.36176E-03 -0.13092E-02 -0.66706E-03  0.35117E-01 -0.85004E-02 -0.28532E-03 -0.32082E-03
  0.46875E+01 -0.71880E-04  0.25782E-03 -0.37414E-01  0.19504E-01 -0.57219E-02  0.71864E-03 -0.14487E-02 -0.11418E-02  0.26327E-01 -0.11040E-01 -0.12317E-03 -0.88032E-03
  0.50781E+01  0.17077E-04 -0.20715E-03 -0.37736E-01  0.17364E-01 -0.72695E-02  0.78908E-03 -0.12869E-02 -0.56094E-03  0.11547E-01 -0.11901E-01  0.10539E-03 -0.12521E-02
  0.54688E+01  0.10659E-03 -0.97332E-03 -0.29593E-01  0.11542E-01 -0.66682E-02  0.59547E-03 -0.71173E-03  0.26378E-02 -0.61419E-02 -0.10516E-01  0.16111E-02 -0.14136E-02
  0.58594E+01  0.17889E-03 -0.15283E-02 -0.15635E-01  0.30388E-02 -0.38427E-02  0.25770E-03  0.14843E-03  0.91796E-02 -0.23047E-01 -0.69464E-02  0.56101E-02 -0.14019E-02
  0.62500E+01  0.22494E-03 -0.14045E-02 -0.66249E-03 -0.63214E-02  0.86038E-04 -0.11187E-03  0.10350E-02  0.17892E-01 -0.36205E-01 -0.18959E-02  0.11889E-01 -0.12850E-02
  0.66406E+01  0.24653E-03 -0.66861E-03  0.10925E-01 -0.14619E-01  0.36496E-02 -0.45225E-03  0.17257E-02  0.25957E-01 -0.44245E-01  0.35432E-02  0.19322E-01 -0.11360E-02
  0.70312E+01  0.24660E-03  0.68457E-05  0.17256E-01 -0.20500E-01  0.58551E-02 -0.75362E-03  0.21518E-02  0.30356E-01 -0.47521E-01  0.82950E-02  0.27090E-01 -0.10144E-02
  0.74219E+01  0.22528E-03 -0.28361E-03  0.19399E-01 -0.23486E-01  0.65220E-02 -0.10211E-02  0.24057E-02  0.29315E-01 -0.47641E-01  0.11657E-01  0.35017E-01 -0.94713E-03
  0.78125E+01  0.18469E-03 -0.22107E-02  0.19773E-01 -0.23881E-01  0.61758E-02 -0.12453E-02  0.26424E-02  0.22882E-01 -0.46675E-01  0.13461E-01  0.43550E-01 -0.90379E-03
  0.82031E+01  0.13272E-03 -0.59329E-02  0.19613E-01 -0.22407E-01  0.57463E-02 -0.13891E-02  0.29907E-02  0.12546E-01 -0.46348E-01  0.14022E-01  0.53759E-01 -0.79408E-03
  0.85938E+01  0.60465E-04 -0.11012E-01  0.17401E-01 -0.19794E-01  0.62545E-02 -0.13647E-02  0.36447E-02  0.43642E-03 -0.47361E-01  0.13907E-01  0.65870E-01 -0.57416E-03
  0.89844E+01 -0.57586E-04 -0.16396E-01  0.95422E-02 -0.16514E-01  0.85627E-02 -0.15757E-02  0.49576E-02 -0.11415E-01 -0.48887E-01  0.13654E-01  0.76165E-01 -0.33737E-03
  0.93750E+01 -0.20261E-03 -0.20465E-01 -0.70660E-02 -0.12724E-01  0.13116E-01 -0.33801E-02  0.70253E-02 -0.21397E-01 -0.48406E-01  0.13527E-01  0.75154E-01  0.15393E-03
  0.97656E+01 -0.29111E-03 -0.21307E-01 -0.31855E-01 -0.84214E-02  0.19634E-01 -0.83281E-02  0.90946E-02 -0.28082E-01 -0.42156E-01  0.13393E-01  0.51266E-01  0.24889E-02
  0.10156E+02 -0.26320E-03 -0.17401E-01 -0.57408E-01 -0.36878E-02  0.26830E-01 -0.16774E-01  0.10004E-01 -0.29862E-01 -0.26185E-01  0.12717E-01  0.71673E-03  0.93027E-02
  0.10547E+02 -0.11919E-03 -0.85407E-02 -0.67954E-01  0.11065E-02  0.32410E-01 -0.27178E-01  0.93119E-02 -0.25287E-01  0.23097E-02  0.10695E-01 -0.63548E-01  0.22193E-01
  0.10938E+02  0.12036E-03  0.34502E-02 -0.45038E-01  0.52834E-02  0.33351E-01 -0.36289E-01  0.73526E-02 -0.13978E-01  0.43545E-01  0.64921E-02 -0.11398E+00  0.40128E-01
  0.11328E+02  0.31780E-03  0.14857E-01  0.17919E-01  0.80248E-02  0.26094E-01 -0.39884E-01  0.42577E-02  0.28105E-02  0.93645E-01 -0.39124E-03 -0.12281E+00  0.59349E-01
  0.11719E+02  0.87829E-04  0.21381E-01  0.10422E+00  0.86037E-02  0.68313E-02 -0.34073E-01 -0.31124E-03  0.21954E-01  0.14334E+00 -0.96762E-02 -0.78322E-01  0.73848E-01
  0.12109E+02 -0.10771E-02  0.20104E-01  0.17972E+00  0.65033E-02 -0.27242E-01 -0.17293E-01 -0.64367E-02  0.37907E-01  0.17772E+00 -0.19987E-01  0.47230E-02  0.76405E-01
  0.12500E+02 -0.34621E-02  0.10962E-01  0.21268E+00  0.13928E-02 -0.75971E-01  0.76321E-02 -0.13334E-01  0.42276E-01  0.17920E+00 -0.28843E-01  0.80184E-01  0.60908E-01
  0.12891E+02 -0.68538E-02 -0.29910E-02  0.19146E+00 -0.69446E-02 -0.13507E+00  0.33422E-01 -0.19645E-01  0.25402E-01  0.13547E+00 -0.33072E-01  0.83629E-01  0.25643E-01
  0.13281E+02 -0.10521E-01 -0.16492E-01  0.12851E+00 -0.18675E-01 -0.19575E+00  0.51225E-01 -0.24252E-01 -0.16769E-01  0.48553E-01 -0.29613E-01 -0.22372E-01 -0.24190E-01
  0.13672E+02 -0.13420E-01 -0.23781E-01  0.50994E-01 -0.33945E-01 -0.24372E+00  0.54345E-01 -0.26637E-01 -0.72926E-01 -0.62043E-01 -0.16515E-01 -0.20418E+00 -0.76664E-01
  0.14062E+02 -0.14476E-01 -0.20467E-01 -0.14170E-01 -0.52682E-01 -0.25765E+00  0.41201E-01 -0.26795E-01 -0.11712E+00 -0.16540E+00  0.62145E-02 -0.36813E+00 -0.11658E+00
  0.14453E+02 -0.12860E-01 -0.46339E-02 -0.51496E-01 -0.73905E-01 -0.21032E+00  0.17957E-01 -0.25196E-01 -0.12565E+00 -0.23131E+00  0.36301E-01 -0.42317E+00 -0.13079E+00
  0.14844E+02 -0.82405E-02  0.22791E-01 -0.59970E-01 -0.94653E-01 -0.76968E-01 -0.58990E-03 -0.22175E-01 -0.94264E-01 -0.24220E+00  0.69555E-01 -0.33951E+00 -0.11360E+00
  0.15234E+02 -0.10071E-02  0.57055E-01 -0.49009E-01 -0.10913E+00  0.14161E+00  0.23605E-02 -0.16329E-01 -0.39741E-01 -0.19920E+00  0.10063E+00 -0.15994E+00 -0.70797E-01
  0.15625E+02  0.76264E-02  0.87620E-01 -0.31664E-01 -0.10878E+00  0.38931E+00  0.30737E-01 -0.38822E-02  0.12239E-01 -0.12039E+00  0.12374E+00  0.34584E-01 -0.19676E-01
  0.16016E+02  0.15758E-01  0.99746E-01 -0.18840E-01 -0.83883E-01  0.56135E+00  0.67695E-01  0.19688E-01  0.41825E-01 -0.33157E-01  0.13294E+00  0.17263E+00  0.18064E-01
  0.16406E+02  0.21268E-01  0.83571E-01 -0.16198E-01 -0.26986E-01  0.56787E+00  0.88305E-01  0.56663E-01  0.43572E-01  0.36597E-01  0.12212E+00  0.22275E+00  0.27936E-01
  0.16797E+02  0.22559E-01  0.43512E-01 -0.23775E-01  0.61893E-01  0.39956E+00  0.81269E-01  0.10283E+00  0.25741E-01  0.74043E-01  0.85397E-01  0.19649E+00  0.10578E-01
  0.17188E+02  0.19267E-01 -0.28661E-02 -0.37639E-01  0.16988E+00  0.13329E+00  0.54805E-01  0.14330E+00  0.30421E-02  0.79324E-01  0.18926E-01  0.13159E+00 -0.20142E-01
  0.17578E+02  0.12588E-01 -0.35770E-01 -0.52440E-01  0.27002E+00 -0.11814E+00  0.21665E-01  0.15463E+00 -0.11646E-01  0.64145E-01 -0.75305E-01  0.68917E-01 -0.47272E-01
  0.17969E+02  0.49700E-02 -0.44538E-01 -0.63688E-01  0.32900E+00 -0.26714E+00 -0.12986E-01  0.11663E+00 -0.12455E-01  0.44110E-01 -0.18473E+00  0.34905E-01 -0.62148E-01
  0.18359E+02 -0.76952E-03 -0.32049E-01 -0.69034E-01  0.32190E+00 -0.28626E+00 -0.46623E-01  0.26656E-01 -0.13265E-02  0.31345E-01 -0.28383E+00  0.35341E-01 -0.67171E-01
  0.18750E+02 -0.26010E-02 -0.10787E-01 -0.68387E-01  0.24543E+00 -0.20607E+00 -0.72738E-01 -0.93836E-01  0.14612E-01  0.30495E-01 -0.33905E+00  0.59547E-01 -0.66101E-01
  0.19141E+02 -0.28308E-03  0.53003E-02 -0.63174E-01  0.12134E+00 -0.87934E-01 -0.83573E-01 -0.20411E+00  0.27308E-01  0.39003E-01 -0.32297E+00  0.90054E-01 -0.54975E-01
  0.19531E+02  0.43140E-02  0.77080E-02 -0.55284E-01 -0.11787E-01  0.90856E-02 -0.75538E-01 -0.26076E+00  0.31649E-01  0.50374E-01 -0.23113E+00  0.11196E+00 -0.27354E-01
  0.19922E+02  0.80655E-02 -0.39051E-02 -0.46184E-01 -0.11411E+00  0.51540E-01 -0.51815E-01 -0.24080E+00  0.27211E-01  0.58124E-01 -0.89222E-01  0.11819E+00  0.14174E-01
  0.20312E+02  0.83414E-02 -0.23231E-01 -0.36642E-01 -0.16042E+00  0.38233E-01 -0.21901E-01 -0.15518E+00  0.17488E-01  0.58650E-01  0.56271E-01  0.10988E+00  0.56224E-01
  0.20703E+02  0.44372E-02 -0.41263E-01 -0.27191E-01 -0.14962E+00 -0.85313E-02  0.19578E-02 -0.41689E-01  0.76093E-02  0.52101E-01  0.15923E+00  0.93100E-01  0.83994E-01
  0.21094E+02 -0.22949E-02 -0.50526E-01 -0.18711E-01 -0.10270E+00 -0.59086E-01  0.10613E-01  0.56367E-01  0.19385E-02  0.41344E-01  0.19483E+00  0.74694E-01  0.90962E-01
  0.21484E+02 -0.95173E-02 -0.47856E-01 -0.12354E-01 -0.50087E-01 -0.90852E-01  0.28620E-02  0.11022E+00  0.25313E-02  0.30048E-01  0.16857E+00  0.59267E-01  0.80804E-01
  0.21875E+02 -0.15268E-01 -0.34878E-01 -0.88849E-02 -0.16195E-01 -0.95603E-01 -0.14342E-01  0.11467E+00  0.86956E-02  0.20978E-01  0.10884E+00  0.48163E-01  0.62935E-01
  0.22266E+02 -0.18684E-01 -0.16533E-01 -0.81402E-02 -0.99935E-02 -0.78553E-01 -0.30647E-01  0.84467E-01  0.17621E-01  0.15133E-01  0.49264E-01  0.40194E-01  0.46774E-01
  0.22656E+02 -0.19856E-01  0.12164E-02 -0.90724E-02 -0.25340E-01 -0.52113E-01 -0.38290E-01  0.43085E-01  0.25939E-01  0.11893E-01  0.12502E-01  0.33146E-01  0.37816E-01
  0.23047E+02 -0.19303E-01  0.13440E-01 -0.10271E-01 -0.48116E-01 -0.28584E-01 -0.35260E-01  0.10831E-01  0.31265E-01  0.97634E-02  0.39571E-02  0.25172E-01  0.36548E-01
  0.23438E+02 -0.17654E-01  0.17536E-01 -0.10557E-01 -0.64901E-01 -0.15118E-01 -0.24650E-01 -0.23169E-02  0.32885E-01  0.73010E-02  0.15601E-01  0.15523E-01  0.39846E-01
  0.23828E+02 -0.15371E-01  0.13700E-01 -0.93848E-02 -0.68912E-01 -0.12337E-01 -0.11826E-01  0.24257E-02  0.31582E-01  0.38338E-02  0.34375E-01  0.45934E-02  0.43485E-01
  0.24219E+02 -0.11990E-01  0.44288E-02 -0.69277E-02 -0.61140E-01 -0.16134E-01 -0.14745E-02  0.16740E-01  0.28792E-01 -0.36777E-03  0.49297E-01 -0.65376E-02  0.44264E-01
  0.24609E+02 -0.52973E-02 -0.67721E-02 -0.37406E-02 -0.47483E-01 -0.20882E-01  0.41355E-02  0.30968E-01  0.25672E-01 -0.44739E-02  0.54699E-01 -0.16719E-01  0.40967E-01
  0.25000E+02  0.85677E-02 -0.16798E-01 -0.37468E-03 -0.34541E-01 -0.22215E-01  0.53192E-02  0.38507E-01  0.22637E-01 -0.76436E-02  0.50188E-01 -0.25194E-01  0.34205E-01
  0.25391E+02  0.33409E-01 -0.23846E-01  0.26897E-02 -0.26376E-01 -0.18428E-01  0.40420E-02  0.37588E-01  0.19486E-01 -0.94340E-02  0.39145E-01 -0.31774E-01  0.25634E-01
  0.25781E+02  0.69067E-01 -0.27451E-01  0.51911E-02 -0.23451E-01 -0.10406E-01  0.25717E-02  0.30492E-01  0.15976E-01 -0.99986E-02  0.26490E-01 -0.36725E-01  0.17063E-01
  0.26172E+02  0.10677E+00 -0.27925E-01  0.74268E-02 -0.23609E-01 -0.55689E-03  0.24094E-02  0.21228E-01  0.12197E-01 -0.10071E-01  0.16358E-01 -0.40497E-01  0.97660E-02
  0.26562E+02  0.12856E+00 -0.25747E-01  0.10258E-01 -0.23867E-01  0.85166E-02  0.39399E-02  0.13325E-01  0.83858E-02 -0.10606E-01  0.10773E-01 -0.43456E-01  0.41319E-02
  0.26953E+02  0.11435E+00 -0.21282E-01  0.14642E-01 -0.21989E-01  0.15029E-01  0.66386E-02  0.85411E-02  0.47453E-02 -0.12193E-01  0.94847E-02 -0.45739E-01 -0.25450E-03
  0.27344E+02  0.54802E-01 -0.15027E-01  0.20932E-01 -0.17291E-01  0.18448E-01  0.95552E-02  0.66516E-02  0.14823E-02 -0.14784E-01  0.10634E-01 -0.47259E-01 -0.41817E-02
  0.27734E+02 -0.36799E-01 -0.79682E-02  0.28376E-01 -0.10491E-01  0.19345E-01  0.11844E-01  0.62045E-02 -0.13541E-02 -0.17831E-01  0.11917E-01 -0.47818E-01 -0.83092E-02
  0.28125E+02 -0.12472E+00 -0.14026E-02  0.35250E-01 -0.29689E-02  0.18913E-01  0.13041E-01  0.55698E-02 -0.40040E-02 -0.20617E-01  0.11618E-01 -0.47259E-01 -0.12865E-01
  0.28516E+02 -0.16928E+00  0.36114E-02  0.39567E-01  0.39383E-02  0.18362E-01  0.13117E-01  0.36652E-02 -0.68093E-02 -0.22645E-01  0.90454E-02 -0.45584E-01 -0.17626E-01
  0.28906E+02 -0.15259E+00  0.66658E-02  0.40088E-01  0.93596E-02  0.18466E-01  0.12427E-01  0.29497E-03 -0.98736E-02 -0.23785E-01  0.44368E-02 -0.43003E-01 -0.22094E-01
  0.29297E+02 -0.89675E-01  0.80571E-02  0.37018E-01  0.13009E-01  0.19375E-01  0.11488E-01 -0.39714E-02 -0.12856E-01 -0.24099E-01 -0.14115E-02 -0.39871E-01 -0.25753E-01
  0.29688E+02 -0.16210E-01  0.85209E-02  0.31728E-01  0.15041E-01  0.20709E-01  0.10747E-01 -0.82510E-02 -0.15251E-01 -0.23619E-01 -0.75597E-02 -0.36575E-01 -0.28275E-01
  0.30078E+02  0.34623E-01  0.88456E-02  0.25886E-01  0.15854E-01  0.21837E-01  0.10444E-01 -0.11718E-01 -0.16829E-01 -0.22182E-01 -0.13184E-01 -0.33407E-01 -0.29602E-01
  0.30469E+02  0.48206E-01  0.95800E-02  0.20871E-01  0.15985E-01  0.22185E-01  0.10553E-01 -0.13859E-01 -0.17585E-01 -0.19576E-01 -0.17674E-01 -0.30482E-01 -0.29886E-01
  0.30859E+02  0.30270E-01  0.10901E-01  0.17492E-01  0.15993E-01  0.21431E-01  0.10835E-01 -0.14640E-01 -0.17630E-01 -0.15910E-01 -0.20648E-01 -0.27715E-01 -0.29367E-01
  0.31250E+02 -0.16084E-02  0.12650E-01  0.15753E-01  0.16261E-01  0.19587E-01  0.10965E-01 -0.14373E-01 -0.17263E-01 -0.11692E-01 -0.21985E-01 -0.24877E-01 -0.28269E-01
  0.31641E+02 -0.29101E-01  0.14473E-01  0.14925E-01  0.16831E-01  0.16983E-01  0.10649E-01 -0.13498E-01 -0.16812E-01 -0.76844E-02 -0.21895E-01 -0.21721E-01 -0.26747E-01
  0.32031E+02 -0.41113E-01  0.15952E-01  0.14038E-01  0.17458E-01  0.14102E-01  0.97864E-02 -0.12420E-01 -0.16429E-01 -0.46293E-02 -0.20930E-01 -0.18105E-01 -0.24904E-01
  0.32422E+02 -0.36285E-01  0.16774E-01  0.12418E-01  0.17826E-01  0.11366E-01  0.85130E-02 -0.11386E-01 -0.16127E-01 -0.28063E-02 -0.19835E-01 -0.14086E-01 -0.22837E-01
  0.32812E+02 -0.20648E-01  0.16864E-01  0.99363E-02  0.17754E-01  0.89682E-02  0.70655E-02 -0.10536E-01 -0.15862E-01 -0.19101E-02 -0.19179E-01 -0.98948E-02 -0.20655E-01
  0.33203E+02 -0.28612E-02  0.16351E-01  0.69241E-02  0.17289E-01  0.68915E-02  0.56708E-02 -0.10031E-01 -0.15635E-01 -0.13786E-02 -0.19060E-01 -0.58400E-02 -0.18483E-01
  0.33594E+02  0.10184E-01  0.15464E-01  0.38872E-02  0.16666E-01  0.50554E-02  0.44555E-02 -0.99118E-02 -0.15521E-01 -0.73895E-03 -0.19132E-01 -0.21825E-02 -0.16416E-01
  0.33984E+02  0.15650E-01  0.14414E-01  0.12321E-02  0.16199E-01  0.34477E-02  0.33786E-02 -0.10010E-01 -0.15461E-01  0.22197E-03 -0.18871E-01  0.96272E-03 -0.14475E-01
  0.34375E+02  0.14648E-01  0.13316E-01 -0.89554E-03  0.16137E-01  0.21702E-02  0.22969E-02 -0.10103E-01 -0.15264E-01  0.14614E-02 -0.17875E-01  0.36513E-02 -0.12600E-01
  0.34766E+02  0.10527E-01  0.12180E-01 -0.26170E-02  0.16575E-01  0.14218E-02  0.10758E-02 -0.99240E-02 -0.14803E-01  0.28024E-02 -0.16062E-01  0.60485E-02 -0.10685E-01
  0.35156E+02  0.67822E-02  0.10956E-01 -0.41809E-02  0.17459E-01  0.14189E-02 -0.34131E-03 -0.91406E-02 -0.13931E-01  0.40411E-02 -0.13659E-01  0.83366E-02 -0.86149E-02
  0.35547E+02  0.55540E-02  0.95770E-02 -0.57801E-02  0.18516E-01  0.22691E-02 -0.19011E-02 -0.75601E-02 -0.12443E-01  0.50308E-02 -0.11030E-01  0.10631E-01 -0.63347E-02
  0.35938E+02  0.71614E-02  0.80284E-02 -0.74374E-02  0.19173E-01  0.38667E-02 -0.34935E-02 -0.52946E-02 -0.10236E-01  0.57417E-02 -0.84811E-02  0.12937E-01 -0.38915E-02
  0.36328E+02  0.10534E-01  0.63890E-02 -0.90100E-02  0.18669E-01  0.58727E-02 -0.50172E-02 -0.27791E-02 -0.73290E-02  0.62142E-02 -0.62024E-02  0.15183E-01 -0.14280E-02
  0.36719E+02  0.14092E-01  0.47737E-02 -0.10303E-01  0.16381E-01  0.77635E-02 -0.63862E-02 -0.62762E-03 -0.39138E-02  0.64837E-02 -0.42610E-02  0.17278E-01  0.85642E-03
  0.37109E+02  0.16554E-01  0.32749E-02 -0.11207E-01  0.12191E-01  0.88904E-02 -0.75500E-02  0.75658E-03 -0.42347E-03  0.65814E-02 -0.25986E-02  0.19169E-01  0.27808E-02
  0.37500E+02  0.17366E-01  0.19458E-02 -0.11743E-01  0.66546E-02  0.86227E-02 -0.84980E-02  0.13891E-02  0.26481E-02  0.65506E-02 -0.10743E-02  0.20850E-01  0.42613E-02
  0.37891E+02  0.16705E-01  0.77860E-03 -0.12003E-01  0.84580E-03  0.65662E-02 -0.92177E-02  0.14728E-02  0.48755E-02  0.64369E-02  0.43251E-03  0.22316E-01  0.53397E-02
  0.38281E+02  0.15180E-01 -0.28625E-03 -0.12084E-01 -0.39995E-02  0.27025E-02 -0.96628E-02  0.12556E-02  0.59673E-02  0.62726E-02  0.19458E-02  0.23498E-01  0.61623E-02
  0.38672E+02  0.13473E-01 -0.13240E-02 -0.12049E-01 -0.69197E-02 -0.25247E-02 -0.97436E-02  0.10347E-02  0.60032E-02  0.60661E-02  0.33932E-02  0.24232E-01  0.69083E-02
  0.39062E+02  0.12060E-01 -0.24029E-02 -0.11908E-01 -0.76408E-02 -0.81944E-02 -0.93581E-02  0.98673E-03  0.54781E-02  0.58182E-02  0.46526E-02  0.24286E-01  0.76929E-02
  0.39453E+02  0.11090E-01 -0.35409E-02 -0.11631E-01 -0.67224E-02 -0.13123E-01 -0.84453E-02  0.10995E-02  0.50540E-02  0.55417E-02  0.56176E-02  0.23438E-01  0.85224E-02
  0.39844E+02  0.10439E-01 -0.46723E-02 -0.11202E-01 -0.52948E-02 -0.16200E-01 -0.70097E-02  0.12994E-02  0.53203E-02  0.52392E-02  0.62522E-02  0.21578E-01  0.93193E-02
  0.40234E+02  0.98566E-02 -0.56875E-02 -0.10620E-01 -0.44554E-02 -0.16742E-01 -0.51154E-02  0.15436E-02  0.64686E-02  0.48877E-02  0.65953E-02  0.18778E-01  0.99758E-02
  0.40625E+02  0.90972E-02 -0.64827E-02 -0.98923E-02 -0.47335E-02 -0.14832E-01 -0.28725E-02  0.19040E-02  0.80819E-02  0.44728E-02  0.67294E-02  0.15312E-01  0.10422E-01
  0.41016E+02  0.80200E-02 -0.69877E-02 -0.90407E-02 -0.60369E-02 -0.11389E-01 -0.42999E-03  0.25294E-02  0.94608E-02  0.40113E-02  0.67457E-02  0.11618E-01  0.10676E-01
  0.41406E+02  0.66192E-02 -0.72131E-02 -0.81008E-02 -0.79020E-02 -0.78257E-02  0.20457E-02  0.34473E-02  0.10133E-01  0.35262E-02  0.67157E-02  0.81974E-02  0.10832E-01
  0.41797E+02  0.49998E-02 -0.72510E-02 -0.71077E-02 -0.96997E-02 -0.54255E-02  0.44005E-02  0.45604E-02  0.10032E-01  0.30296E-02  0.66650E-02  0.54641E-02  0.11012E-01
  0.42188E+02  0.33287E-02 -0.72052E-02 -0.60873E-02 -0.10849E-01 -0.47312E-02  0.64801E-02  0.57618E-02  0.93896E-02  0.25310E-02  0.65707E-02  0.36181E-02  0.11295E-01
  0.42578E+02  0.17562E-02 -0.71421E-02 -0.50568E-02 -0.11083E-01 -0.53992E-02  0.80923E-02  0.68585E-02  0.85463E-02  0.20408E-02  0.63974E-02  0.25755E-02  0.11670E-01
  0.42969E+02  0.35567E-03 -0.70718E-02 -0.40272E-02 -0.10541E-01 -0.66536E-02  0.89955E-02  0.75506E-02  0.77717E-02  0.15662E-02  0.61373E-02  0.19823E-02  0.12045E-01
  0.43359E+02 -0.87324E-03 -0.69506E-02 -0.30075E-02 -0.96098E-02 -0.77491E-02  0.89217E-02  0.75950E-02  0.71789E-02  0.11099E-02  0.58133E-02  0.13579E-02  0.12280E-01
  0.43750E+02 -0.19739E-02 -0.67269E-02 -0.20077E-02 -0.86779E-02 -0.81121E-02  0.76480E-02  0.68828E-02  0.67401E-02  0.67372E-03  0.54427E-02  0.30373E-03  0.12227E-01
  0.44141E+02 -0.29934E-02 -0.63806E-02 -0.10403E-02 -0.79628E-02 -0.74597E-02  0.51391E-02  0.54965E-02  0.63454E-02  0.25982E-03  0.50190E-02 -0.13203E-02  0.11771E-01
  0.44531E+02 -0.39464E-02 -0.59202E-02 -0.11894E-03 -0.74773E-02 -0.59592E-02  0.16682E-02  0.37709E-02  0.58711E-02 -0.12856E-03  0.45453E-02 -0.33339E-02  0.10845E-01
  0.44922E+02 -0.48130E-02 -0.53779E-02  0.74285E-03 -0.71061E-02 -0.41285E-02 -0.21800E-02  0.21546E-02  0.52478E-02 -0.48760E-03  0.40473E-02 -0.53660E-02  0.94258E-02
  0.45312E+02 -0.55469E-02 -0.47946E-02  0.15338E-02 -0.67003E-02 -0.25056E-02 -0.56064E-02  0.10483E-02  0.44826E-02 -0.81331E-03  0.35502E-02 -0.70803E-02  0.75217E-02
  0.45703E+02 -0.60927E-02 -0.41910E-02  0.22456E-02 -0.61437E-02 -0.13839E-02 -0.78089E-02  0.72839E-03  0.36310E-02 -0.11022E-02  0.30615E-02 -0.82871E-02  0.51974E-02
  0.46094E+02 -0.64291E-02 -0.35737E-02  0.28732E-02 -0.53963E-02 -0.75266E-03 -0.82563E-02  0.11686E-02  0.27617E-02 -0.13518E-02  0.25700E-02 -0.89381E-02  0.26022E-02
  0.46484E+02 -0.65855E-02 -0.29552E-02  0.34139E-02 -0.45016E-02 -0.40277E-03 -0.68497E-02  0.19731E-02  0.19315E-02 -0.15611E-02  0.20668E-02 -0.91184E-02 -0.27478E-04
  0.46875E+02 -0.66112E-02 -0.23423E-02  0.38670E-02 -0.35465E-02 -0.92575E-04 -0.39800E-02  0.25916E-02  0.11697E-02 -0.17300E-02  0.15668E-02 -0.90235E-02 -0.23994E-02
  0.47266E+02 -0.65591E-02 -0.17322E-02  0.42327E-02 -0.26117E-02  0.33703E-03 -0.48769E-03  0.25606E-02  0.47811E-03 -0.18598E-02  0.10865E-02 -0.88638E-02 -0.42281E-02
  0.47656E+02 -0.64752E-02 -0.11269E-02  0.45120E-02 -0.17469E-02  0.93002E-03  0.25825E-02  0.17301E-02 -0.15683E-03 -0.19523E-02  0.62175E-03 -0.87591E-02 -0.53229E-02
  0.48047E+02 -0.63817E-02 -0.53621E-03  0.47058E-02 -0.96625E-03  0.16302E-02  0.43209E-02  0.42225E-03 -0.75018E-03 -0.20098E-02  0.17098E-03 -0.87064E-02 -0.56592E-02
  0.48438E+02 -0.62750E-02  0.28553E-04  0.48160E-02 -0.25812E-03  0.23244E-02  0.42493E-02 -0.79311E-03 -0.13087E-02 -0.20347E-02 -0.24970E-03 -0.86225E-02 -0.53939E-02
  0.48828E+02 -0.61226E-02  0.55700E-03  0.48455E-02  0.39860E-03  0.29064E-02  0.25526E-02 -0.15294E-02 -0.18284E-02 -0.20293E-02 -0.62742E-03 -0.84121E-02 -0.48333E-02
  0.49219E+02 -0.58698E-02  0.10406E-02  0.47986E-02  0.10191E-02  0.33244E-02  0.51139E-04 -0.17527E-02 -0.22973E-02 -0.19956E-02 -0.96259E-03 -0.80131E-02 -0.43532E-02
  0.49609E+02 -0.54783E-02  0.14734E-02  0.46809E-02  0.16050E-02  0.35833E-02 -0.21697E-02 -0.16630E-02 -0.27020E-02 -0.19357E-02 -0.12571E-02 -0.74203E-02 -0.42703E-02
  0.50000E+02 -0.49444E-02  0.18526E-02  0.44993E-02  0.21459E-02  0.37217E-02 -0.32537E-02 -0.15094E-02 -0.30325E-02 -0.18516E-02 -0.15096E-02 -0.66842E-02 -0.47283E-02
  0.50391E+02 -0.42903E-02  0.21772E-02  0.42611E-02  0.26255E-02  0.37862E-02 -0.29629E-02 -0.14672E-02 -0.32853E-02 -0.17458E-02 -0.17200E-02 -0.58775E-02 -0.56411E-02
  0.50781E+02 -0.35703E-02  0.24473E-02  0.39742E-02  0.30295E-02  0.38118E-02 -0.17175E-02 -0.15929E-02 -0.34630E-02 -0.16209E-02 -0.18901E-02 -0.50551E-02 -0.67060E-02
  0.51172E+02 -0.28643E-02  0.26634E-02  0.36466E-02  0.33501E-02  0.38116E-02 -0.19822E-03 -0.18373E-02 -0.35721E-02 -0.14800E-02 -0.20214E-02 -0.42439E-02 -0.75229E-02
  0.51562E+02 -0.22375E-02  0.28258E-02  0.32863E-02  0.35873E-02  0.37797E-02  0.10612E-02 -0.21003E-02 -0.36198E-02 -0.13260E-02 -0.21144E-02 -0.34538E-02 -0.77798E-02
  0.51953E+02 -0.17127E-02  0.29353E-02  0.29012E-02  0.37468E-02  0.37020E-02  0.17446E-02 -0.22913E-02 -0.36122E-02 -0.11621E-02 -0.21698E-02 -0.26844E-02 -0.73894E-02
  0.52344E+02 -0.12657E-02  0.29932E-02  0.24987E-02  0.38367E-02  0.35669E-02  0.17282E-02 -0.23610E-02 -0.35536E-02 -0.99169E-03 -0.21885E-02 -0.19284E-02 -0.65163E-02
  0.52734E+02 -0.83864E-03  0.30017E-02  0.20860E-02  0.38644E-02  0.33716E-02  0.11650E-02 -0.23103E-02 -0.34475E-02 -0.81819E-03 -0.21722E-02 -0.11825E-02 -0.54672E-02
  0.53125E+02 -0.38098E-03  0.29639E-02  0.16699E-02  0.38354E-02  0.31233E-02  0.45285E-03 -0.21806E-02 -0.32969E-02 -0.64484E-03 -0.21235E-02 -0.45410E-03 -0.45078E-02
  0.53516E+02  0.12042E-03  0.28837E-02  0.12569E-02  0.37535E-02  0.28354E-02 -0.18180E-04 -0.20221E-02 -0.31060E-02 -0.47456E-03 -0.20455E-02  0.24195E-03 -0.37664E-02
  0.53906E+02  0.64362E-03  0.27656E-02  0.85315E-03  0.36218E-02  0.25228E-02 -0.88506E-04 -0.18673E-02 -0.28796E-02 -0.30985E-03 -0.19419E-02  0.88965E-03 -0.32616E-02
  0.54297E+02  0.11401E-02  0.26142E-02  0.46433E-03  0.34440E-02  0.21979E-02  0.15755E-03 -0.17277E-02 -0.26239E-02 -0.15284E-03 -0.18166E-02  0.14759E-02 -0.29308E-02
  0.54688E+02  0.15597E-02  0.24340E-02  0.95393E-04  0.32247E-02  0.18687E-02  0.51643E-03 -0.15991E-02 -0.23453E-02 -0.53367E-05 -0.16734E-02  0.19927E-02 -0.26362E-02
  0.55078E+02  0.18853E-02  0.22298E-02 -0.24942E-03  0.29700E-02  0.15391E-02  0.79817E-03 -0.14671E-02 -0.20504E-02  0.13117E-03 -0.15162E-02  0.24369E-02 -0.22339E-02
  0.55469E+02  0.21301E-02  0.20060E-02 -0.56661E-03  0.26870E-02  0.12111E-02  0.90427E-03 -0.13171E-02 -0.17451E-02  0.25555E-03 -0.13485E-02  0.28094E-02 -0.16666E-02
  0.55859E+02  0.23175E-02  0.17671E-02 -0.85331E-03  0.23826E-02  0.88646E-03  0.83934E-03 -0.11433E-02 -0.14349E-02  0.36697E-03 -0.11735E-02  0.31123E-02 -0.97964E-03
  0.56250E+02  0.24715E-02  0.15175E-02 -0.11073E-02  0.20636E-02  0.56820E-03  0.67231E-03 -0.94933E-03 -0.11244E-02  0.46486E-03 -0.99410E-03  0.33479E-02 -0.26723E-03
  0.56641E+02  0.26001E-02  0.12616E-02 -0.13269E-02  0.17359E-02  0.26060E-03  0.48666E-03 -0.74521E-03 -0.81788E-03  0.54881E-03 -0.81287E-03  0.35178E-02  0.38123E-03
  0.57031E+02  0.26914E-02  0.10038E-02 -0.15111E-02  0.14046E-02 -0.31473E-04  0.34708E-03 -0.54215E-03 -0.51948E-03  0.61851E-03 -0.63229E-03  0.36233E-02  0.91462E-03
  0.57422E+02  0.27360E-02  0.74804E-03 -0.16595E-02  0.10745E-02 -0.30345E-03  0.28058E-03 -0.34881E-03 -0.23305E-03  0.67380E-03 -0.45476E-03  0.36661E-02  0.13284E-02
  0.57812E+02  0.27337E-02  0.49831E-03 -0.17723E-02  0.75002E-03 -0.55162E-03  0.27203E-03 -0.16959E-03  0.37690E-04  0.71470E-03 -0.28267E-03  0.36487E-02  0.16505E-02
  0.58203E+02  0.26852E-02  0.25812E-03 -0.18502E-02  0.43578E-03 -0.77342E-03  0.28257E-03 -0.50877E-05  0.28940E-03  0.74152E-03 -0.11838E-03  0.35749E-02  0.19203E-02
  0.58594E+02  0.25967E-02  0.30623E-04 -0.18943E-02  0.13608E-03 -0.96727E-03  0.27823E-03  0.14602E-03  0.51925E-03  0.75483E-03  0.35977E-04  0.34498E-02  0.21671E-02
  0.58984E+02  0.24744E-02 -0.18149E-03 -0.19063E-02 -0.14516E-03 -0.11324E-02  0.24401E-03  0.28509E-03  0.72506E-03  0.75538E-03  0.17856E-03  0.32794E-02  0.23948E-02
  0.59375E+02  0.23185E-02 -0.37602E-03 -0.18883E-02 -0.40458E-03 -0.12687E-02  0.18129E-03  0.41243E-03  0.90532E-03  0.74409E-03  0.30787E-03  0.30701E-02  0.25885E-02
  0.59766E+02  0.21365E-02 -0.55124E-03 -0.18426E-02 -0.63946E-03 -0.13761E-02  0.10229E-03  0.52702E-03  0.10592E-02  0.72201E-03  0.42275E-03  0.28280E-02  0.27339E-02
  0.60156E+02  0.19412E-02 -0.70585E-03 -0.17720E-02 -0.84782E-03 -0.14550E-02  0.23607E-04  0.62710E-03  0.11862E-02  0.69031E-03  0.52239E-03  0.25592E-02  0.28240E-02
  0.60547E+02  0.17347E-02 -0.83895E-03 -0.16791E-02 -0.10284E-02 -0.15060E-02 -0.41876E-04  0.71089E-03  0.12864E-02  0.65026E-03  0.60637E-03  0.22696E-02  0.28537E-02
  0.60938E+02  0.15151E-02 -0.94994E-03 -0.15668E-02 -0.11805E-02 -0.15301E-02 -0.89703E-04  0.77721E-03  0.13600E-02  0.60311E-03  0.67463E-03  0.19647E-02  0.28232E-02
  0.61328E+02  0.12867E-02 -0.10386E-02 -0.14380E-02 -0.13040E-02 -0.15288E-02 -0.12275E-03  0.82583E-03  0.14079E-02  0.55007E-03  0.72747E-03  0.16501E-02  0.27420E-02
  0.61719E+02  0.10548E-02 -0.11050E-02 -0.12959E-02 -0.13992E-02 -0.15039E-02 -0.14729E-03  0.85740E-03  0.14308E-02  0.49225E-03  0.76541E-03  0.13313E-02  0.26235E-02
  0.62109E+02  0.82238E-03 -0.11497E-02 -0.11435E-02 -0.14666E-02 -0.14577E-02 -0.16919E-03  0.87313E-03  0.14301E-02  0.43076E-03  0.78908E-03  0.10136E-02  0.24768E-02
  0.62500E+02  0.59301E-03 -0.11734E-02 -0.98398E-03 -0.15068E-02 -0.13923E-02 -0.19154E-03  0.87447E-03  0.14074E-02  0.36674E-03  0.79913E-03  0.70207E-03  0.23064E-02
  0.62891E+02  0.37079E-03 -0.11773E-02 -0.82040E-03 -0.15211E-02 -0.13102E-02 -0.21423E-03  0.86276E-03  0.13646E-02  0.30137E-03  0.79630E-03  0.40127E-03  0.21153E-02
  0.63281E+02  0.15907E-03 -0.11627E-02 -0.65559E-03 -0.15109E-02 -0.12137E-02 -0.23505E-03  0.83918E-03  0.13040E-02  0.23584E-03  0.78145E-03  0.11524E-03  0.19058E-02
  0.63672E+02 -0.39769E-04 -0.11313E-02 -0.49216E-03 -0.14783E-02 -0.11052E-02 -0.25131E-03  0.80479E-03  0.12276E-02  0.17126E-03  0.75562E-03 -0.15257E-03  0.16798E-02
  0.64062E+02 -0.22398E-03 -0.10848E-02 -0.33253E-03 -0.14253E-02 -0.98739E-03 -0.26120E-03  0.76066E-03  0.11379E-02  0.10862E-03  0.71999E-03 -0.39935E-03  0.14408E-02
  0.64453E+02 -0.39215E-03 -0.10250E-02 -0.17883E-03 -0.13542E-02 -0.86264E-03 -0.26432E-03  0.70795E-03  0.10371E-02  0.48801E-04  0.67584E-03 -0.62286E-03  0.11936E-02
  0.64844E+02 -0.54311E-03 -0.95368E-03 -0.32971E-04 -0.12674E-02 -0.73335E-03 -0.26151E-03  0.64793E-03  0.92741E-03 -0.74655E-05  0.62447E-03 -0.82135E-03  0.94367E-03
  0.65234E+02 -0.67588E-03 -0.87269E-03  0.10340E-03 -0.11672E-02 -0.60174E-03 -0.25428E-03  0.58199E-03  0.81109E-03 -0.59577E-04  0.56722E-03 -0.99354E-03  0.69635E-03
  0.65625E+02 -0.78960E-03 -0.78388E-03  0.22885E-03 -0.10562E-02 -0.46991E-03 -0.24406E-03  0.51154E-03  0.69027E-03 -0.10708E-03  0.50538E-03 -0.11386E-02  0.45614E-03
  0.66016E+02 -0.88366E-03 -0.68909E-03  0.34220E-03 -0.93675E-03 -0.33985E-03 -0.23181E-03  0.43802E-03  0.56710E-03 -0.14965E-03  0.44023E-03 -0.12561E-02  0.22648E-03
  0.66406E+02 -0.95779E-03 -0.59016E-03  0.44251E-03 -0.81115E-03 -0.21340E-03 -0.21782E-03  0.36281E-03  0.44365E-03 -0.18706E-03  0.37296E-03 -0.13461E-02  0.98695E-05
  0.66797E+02 -0.10121E-02 -0.48889E-03  0.52910E-03 -0.68172E-03 -0.92261E-04 -0.20196E-03  0.28723E-03  0.32189E-03 -0.21916E-03  0.30469E-03 -0.14091E-02 -0.19184E-03
  0.67188E+02 -0.10471E-02 -0.38700E-03  0.60160E-03 -0.55066E-03  0.22090E-04 -0.18401E-03  0.21245E-03  0.20358E-03 -0.24581E-03  0.23643E-03 -0.14459E-02 -0.37707E-03
  0.67578E+02 -0.10637E-02 -0.28609E-03  0.65989E-03 -0.42009E-03  0.12835E-03 -0.16398E-03  0.13954E-03  0.90294E-04 -0.26695E-03  0.16915E-03 -0.14579E-02 -0.54437E-03
  0.67969E+02 -0.10629E-02 -0.18760E-03  0.70409E-03 -0.29199E-03  0.22543E-03 -0.14221E-03  0.69461E-04 -0.16597E-04 -0.28259E-03  0.10376E-03 -0.14466E-02 -0.69239E-03
  0.68359E+02 -0.10461E-02 -0.92855E-04  0.73453E-03 -0.16816E-03  0.31244E-03 -0.11929E-03  0.30478E-05 -0.11593E-03 -0.29287E-03  0.41134E-04 -0.14139E-02 -0.81995E-03
  0.68750E+02 -0.10145E-02 -0.30353E-05  0.75167E-03 -0.50206E-04  0.38873E-03 -0.95893E-04 -0.58942E-04 -0.20671E-03 -0.29801E-03 -0.17939E-04 -0.13617E-02 -0.92628E-03
  0.69141E+02 -0.96958E-03  0.80831E-04  0.75615E-03  0.60477E-04  0.45386E-03 -0.72638E-04 -0.11584E-03 -0.28815E-03 -0.29830E-03 -0.72775E-04 -0.12922E-02 -0.10110E-02
  0.69531E+02 -0.91288E-03  0.15786E-03  0.74875E-03  0.16270E-03  0.50762E-03 -0.50008E-04 -0.16709E-03 -0.35962E-03 -0.29406E-03 -0.12281E-03 -0.12077E-02 -0.10743E-02
  0.69922E+02 -0.84604E-03  0.22731E-03  0.73038E-03  0.25545E-03  0.54995E-03 -0.28346E-04 -0.21225E-03 -0.42069E-03 -0.28564E-03 -0.16757E-03 -0.11104E-02 -0.11167E-02
  0.70312E+02 -0.77080E-03  0.28862E-03  0.70205E-03  0.33791E-03  0.58095E-03 -0.78869E-05 -0.25099E-03 -0.47110E-03 -0.27345E-03 -0.20668E-03 -0.10026E-02 -0.11391E-02
  0.70703E+02 -0.68898E-03  0.34136E-03  0.66487E-03  0.40947E-03  0.60085E-03  0.11205E-04 -0.28316E-03 -0.51076E-03 -0.25790E-03 -0.23988E-03 -0.88675E-03 -0.11426E-02
  0.71094E+02 -0.60238E-03  0.38530E-03  0.62001E-03  0.46975E-03  0.61008E-03  0.28792E-04 -0.30872E-03 -0.53980E-03 -0.23944E-03 -0.26700E-03 -0.76507E-03 -0.11284E-02
  0.71484E+02 -0.51268E-03  0.42034E-03  0.56870E-03  0.51862E-03  0.60922E-03  0.44727E-04 -0.32776E-03 -0.55849E-03 -0.21854E-03 -0.28802E-03 -0.63983E-03 -0.10980E-02
  0.71875E+02 -0.42151E-03  0.44657E-03  0.51217E-03  0.55613E-03  0.59900E-03  0.58844E-04 -0.34046E-03 -0.56730E-03 -0.19569E-03 -0.30304E-03 -0.51319E-03 -0.10529E-02
  0.72266E+02 -0.33032E-03  0.46421E-03  0.45165E-03  0.58251E-03  0.58026E-03  0.70985E-04 -0.34708E-03 -0.56679E-03 -0.17136E-03 -0.31226E-03 -0.38718E-03 -0.99475E-03
  0.72656E+02 -0.24048E-03  0.47360E-03  0.38835E-03  0.59812E-03  0.55393E-03  0.81052E-04 -0.34796E-03 -0.55764E-03 -0.14604E-03 -0.31596E-03 -0.26368E-03 -0.92527E-03
  0.73047E+02 -0.15323E-03  0.47517E-03  0.32342E-03  0.60349E-03  0.52093E-03  0.89028E-04 -0.34348E-03 -0.54056E-03 -0.12020E-03 -0.31446E-03 -0.14443E-03 -0.84629E-03
  0.73438E+02 -0.69716E-04  0.46944E-03  0.25798E-03  0.59925E-03  0.48226E-03  0.94974E-04 -0.33406E-03 -0.51637E-03 -0.94295E-04 -0.30817E-03 -0.30951E-04 -0.75963E-03
  0.73828E+02  0.90643E-05  0.45699E-03  0.19308E-03  0.58614E-03  0.43891E-03  0.98991E-04 -0.32018E-03 -0.48591E-03 -0.68745E-04 -0.29752E-03  0.75390E-04 -0.66717E-03
  0.74219E+02  0.82230E-04  0.43848E-03  0.12969E-03  0.56497E-03  0.39185E-03  0.10119E-03 -0.30235E-03 -0.45008E-03 -0.43919E-04 -0.28301E-03  0.17343E-03 -0.57072E-03
  0.74609E+02  0.14905E-03  0.41463E-03  0.68682E-04  0.53663E-03  0.34206E-03  0.10170E-03 -0.28113E-03 -0.40982E-03 -0.20150E-04 -0.26513E-03  0.26222E-03 -0.47204E-03
  0.75000E+02  0.20894E-03  0.38617E-03  0.10838E-04  0.50203E-03  0.29048E-03  0.10061E-03 -0.25708E-03 -0.36605E-03  0.22659E-05 -0.24439E-03  0.34101E-03 -0.37281E-03
  0.75391E+02  0.26149E-03  0.35387E-03 -0.43179E-04  0.46214E-03  0.23801E-03  0.98078E-04 -0.23079E-03 -0.31969E-03  0.23067E-04 -0.22131E-03  0.40928E-03 -0.27459E-03
  0.75781E+02  0.30642E-03  0.31848E-03 -0.92815E-04  0.41793E-03  0.18550E-03  0.94231E-04 -0.20280E-03 -0.27163E-03  0.42036E-04 -0.19641E-03  0.46670E-03 -0.17884E-03
  0.76172E+02  0.34359E-03  0.28077E-03 -0.13762E-03  0.37038E-03  0.13377E-03  0.89220E-04 -0.17366E-03 -0.22272E-03  0.59004E-04 -0.17021E-03  0.51314E-03 -0.86858E-04
  0.76562E+02  0.37297E-03  0.24146E-03 -0.17724E-03  0.32045E-03  0.83560E-04  0.83191E-04 -0.14388E-03 -0.17376E-03  0.73852E-04 -0.14323E-03  0.54865E-03  0.19405E-06
  0.76953E+02  0.39463E-03  0.20127E-03 -0.21142E-03  0.26906E-03  0.35542E-04  0.76290E-04 -0.11394E-03 -0.12551E-03  0.86508E-04 -0.11594E-03  0.57343E-03  0.81310E-04
  0.77344E+02  0.40875E-03  0.16087E-03 -0.24000E-03  0.21708E-03 -0.97136E-05  0.68669E-04 -0.84318E-04 -0.78634E-04  0.96936E-04 -0.88764E-04  0.58782E-03  0.15565E-03
  0.77734E+02  0.41560E-03  0.12088E-03 -0.26294E-03  0.16534E-03 -0.51718E-04  0.60482E-04 -0.55440E-04 -0.33765E-04  0.10513E-03 -0.62112E-04  0.59229E-03  0.22252E-03
  0.78125E+02  0.41556E-03  0.81891E-04 -0.28027E-03  0.11461E-03 -0.90058E-04  0.51883E-04 -0.27708E-04  0.85519E-05  0.11113E-03 -0.36342E-04  0.58745E-03  0.28142E-03
  0.78516E+02  0.40912E-03  0.44433E-04 -0.29211E-03  0.65627E-04 -0.12439E-03  0.43020E-04 -0.14760E-05  0.47837E-04  0.11500E-03 -0.11781E-04  0.57402E-03  0.33198E-03
  0.78906E+02  0.39681E-03  0.89778E-05 -0.29866E-03  0.19013E-04 -0.15446E-03  0.34044E-04  0.22953E-04  0.83689E-04  0.11684E-03  0.11277E-04  0.55282E-03  0.37398E-03
  0.79297E+02  0.37924E-03 -0.24064E-04 -0.30019E-03 -0.24672E-04 -0.18008E-03  0.25107E-04  0.45326E-04  0.11579E-03  0.11675E-03  0.32584E-04  0.52472E-03  0.40738E-03
  0.79688E+02  0.35704E-03 -0.54350E-04 -0.29703E-03 -0.64962E-04 -0.20115E-03  0.16359E-04  0.65442E-04  0.14390E-03  0.11486E-03  0.51935E-04  0.49063E-03  0.43225E-03
  0.80078E+02  0.33087E-03 -0.81603E-04 -0.28955E-03 -0.10148E-03 -0.21767E-03  0.79378E-05  0.83141E-04  0.16786E-03  0.11132E-03  0.69168E-04  0.45151E-03  0.44881E-03
  0.80469E+02  0.30141E-03 -0.10561E-03 -0.27817E-03 -0.13393E-03 -0.22969E-03 -0.37433E-07  0.98314E-04  0.18761E-03  0.10627E-03  0.84164E-04  0.40827E-03  0.45736E-03
  0.80859E+02  0.26934E-03 -0.12623E-03 -0.26334E-03 -0.16209E-03 -0.23735E-03 -0.74769E-05  0.11090E-03  0.20310E-03  0.99907E-04  0.96838E-04  0.36186E-03  0.45832E-03
  0.81250E+02  0.23535E-03 -0.14336E-03 -0.24552E-03 -0.18582E-03 -0.24082E-03 -0.14313E-04  0.12088E-03  0.21441E-03  0.92410E-04  0.10715E-03  0.31319E-03  0.45219E-03
  0.81641E+02  0.20008E-03 -0.15700E-03 -0.22519E-03 -0.20505E-03 -0.24033E-03 -0.20492E-04  0.12830E-03  0.22162E-03  0.83977E-04  0.11509E-03  0.26315E-03  0.43954E-03
  0.82031E+02  0.16417E-03 -0.16716E-03 -0.20283E-03 -0.21979E-03 -0.23618E-03 -0.25964E-04  0.13320E-03  0.22492E-03  0.74801E-04  0.12070E-03  0.21260E-03  0.42101E-03
  0.82422E+02  0.12821E-03 -0.17395E-03 -0.17893E-03 -0.23013E-03 -0.22866E-03 -0.30687E-04  0.13570E-03  0.22453E-03  0.65072E-04  0.12407E-03  0.16235E-03  0.39728E-03
  0.82812E+02  0.92761E-04 -0.17750E-03 -0.15397E-03 -0.23620E-03 -0.21813E-03 -0.34630E-04  0.13591E-03  0.22071E-03  0.54976E-04  0.12529E-03  0.11315E-03  0.36908E-03
  0.83203E+02  0.58317E-04 -0.17798E-03 -0.12843E-03 -0.23823E-03 -0.20496E-03 -0.37780E-04  0.13400E-03  0.21377E-03  0.44693E-04  0.12450E-03  0.65697E-04  0.33715E-03
  0.83594E+02  0.25337E-04 -0.17562E-03 -0.10272E-03 -0.23646E-03 -0.18954E-03 -0.40144E-04  0.13015E-03  0.20401E-03  0.34401E-04  0.12184E-03  0.20590E-04  0.30223E-03
  0.83984E+02 -0.57774E-05 -0.17064E-03 -0.77255E-04 -0.23119E-03 -0.17226E-03 -0.41744E-04  0.12455E-03  0.19179E-03  0.24261E-04  0.11749E-03 -0.21645E-04  0.26507E-03
  0.84375E+02 -0.34678E-04 -0.16331E-03 -0.52403E-04 -0.22274E-03 -0.15352E-03 -0.42614E-04  0.11740E-03  0.17745E-03  0.14417E-04  0.11163E-03 -0.60569E-04  0.22638E-03
  0.84766E+02 -0.61066E-04 -0.15391E-03 -0.28502E-04 -0.21146E-03 -0.13371E-03 -0.42798E-04  0.10893E-03  0.16136E-03  0.49949E-05  0.10446E-03 -0.95825E-04  0.18687E-03
  0.85156E+02 -0.84700E-04 -0.14272E-03 -0.58569E-05 -0.19770E-03 -0.11321E-03 -0.42342E-04  0.99350E-04  0.14388E-03 -0.38952E-05  0.96196E-04 -0.12714E-03  0.14718E-03
  0.85547E+02 -0.10540E-03 -0.13004E-03  0.15269E-04 -0.18184E-03 -0.92363E-04 -0.41296E-04  0.88875E-04  0.12536E-03 -0.12156E-04  0.87025E-04 -0.15429E-03  0.10793E-03
  0.85938E+02 -0.12304E-03 -0.11617E-03  0.34654E-04 -0.16426E-03 -0.71501E-04 -0.39705E-04  0.77731E-04  0.10618E-03 -0.19703E-04  0.77147E-04 -0.17717E-03  0.69705E-04
  0.86328E+02 -0.13757E-03 -0.10141E-03  0.52122E-04 -0.14536E-03 -0.50939E-04 -0.37619E-04  0.66134E-04  0.86658E-04 -0.26466E-04  0.66756E-04 -0.19570E-03  0.33009E-04
  0.86719E+02 -0.14898E-03 -0.86050E-04  0.67541E-04 -0.12554E-03 -0.30974E-04 -0.35095E-04  0.54292E-04  0.67133E-04 -0.32387E-04  0.56045E-04 -0.20990E-03 -0.16917E-05
  0.87109E+02 -0.15731E-03 -0.70368E-04  0.80820E-04 -0.10517E-03 -0.11881E-04 -0.32200E-04  0.42400E-04  0.47901E-04 -0.37432E-04  0.45204E-04 -0.21986E-03 -0.33999E-04
  0.87500E+02 -0.16264E-03 -0.54625E-04  0.91905E-04 -0.84597E-04  0.61012E-05 -0.29009E-04  0.30642E-04  0.29232E-04 -0.41582E-04  0.34413E-04 -0.22572E-03 -0.63585E-04
  0.87891E+02 -0.16508E-03 -0.39064E-04  0.10078E-03 -0.64140E-04  0.22772E-04 -0.25599E-04  0.19188E-04  0.11365E-04 -0.44842E-04  0.23838E-04 -0.22770E-03 -0.90190E-04
  0.88281E+02 -0.16477E-03 -0.23905E-04  0.10746E-03 -0.44097E-04  0.37968E-04 -0.22041E-04  0.81969E-05 -0.54911E-05 -0.47233E-04  0.13623E-04 -0.22603E-03 -0.11362E-03
  0.88672E+02 -0.16191E-03 -0.93507E-05  0.11199E-03 -0.24740E-04  0.51563E-04 -0.18396E-04 -0.21908E-05 -0.21152E-04 -0.48784E-04  0.38956E-05 -0.22101E-03 -0.13375E-03
  0.89062E+02 -0.15671E-03  0.44210E-05  0.11445E-03 -0.63198E-05  0.63461E-04 -0.14716E-04 -0.11854E-04 -0.35461E-04 -0.49534E-04 -0.52335E-05 -0.21295E-03 -0.15050E-03
  0.89453E+02 -0.14941E-03  0.17254E-04  0.11497E-03  0.10938E-04  0.73599E-04 -0.11049E-04 -0.20694E-04 -0.48289E-04 -0.49522E-04 -0.13667E-04 -0.20219E-03 -0.16384E-03
  0.89844E+02 -0.14027E-03  0.29017E-04  0.11366E-03  0.26841E-04  0.81948E-04 -0.74462E-05 -0.28635E-04 -0.59537E-04 -0.48793E-04 -0.21323E-04 -0.18907E-03 -0.17379E-03
  0.90234E+02 -0.12956E-03  0.39605E-04  0.11069E-03  0.41233E-04  0.88508E-04 -0.39566E-05 -0.35622E-04 -0.69139E-04 -0.47399E-04 -0.28136E-04 -0.17394E-03 -0.18044E-03
  0.90625E+02 -0.11754E-03  0.48938E-04  0.10623E-03  0.53995E-04  0.93306E-04 -0.62759E-06 -0.41617E-04 -0.77061E-04 -0.45401E-04 -0.34059E-04 -0.15719E-03 -0.18389E-03
  0.91016E+02 -0.10450E-03  0.56964E-04  0.10047E-03  0.65048E-04  0.96388E-04  0.24965E-05 -0.46604E-04 -0.83301E-04 -0.42870E-04 -0.39060E-04 -0.13917E-03 -0.18432E-03
  0.91406E+02 -0.90692E-04  0.63649E-04  0.93586E-04  0.74345E-04  0.97809E-04  0.53772E-05 -0.50583E-04 -0.87884E-04 -0.39884E-04 -0.43123E-04 -0.12025E-03 -0.18194E-03
  0.91797E+02 -0.76379E-04  0.68980E-04  0.85777E-04  0.81870E-04  0.97643E-04  0.79855E-05 -0.53562E-04 -0.90861E-04 -0.36524E-04 -0.46243E-04 -0.10079E-03 -0.17698E-03
  0.92188E+02 -0.61806E-04  0.72961E-04  0.77229E-04  0.87635E-04  0.95989E-04  0.10304E-04 -0.55565E-04 -0.92300E-04 -0.32870E-04 -0.48429E-04 -0.81115E-04 -0.16969E-03
  0.92578E+02 -0.47210E-04  0.75615E-04  0.68127E-04  0.91677E-04  0.92980E-04  0.12325E-04 -0.56623E-04 -0.92286E-04 -0.28999E-04 -0.49708E-04 -0.61542E-04 -0.16036E-03
  0.92969E+02 -0.32816E-04  0.76988E-04  0.58650E-04  0.94055E-04  0.88773E-04  0.14046E-04 -0.56787E-04 -0.90919E-04 -0.24985E-04 -0.50121E-04 -0.42365E-04 -0.14927E-03
  0.93359E+02 -0.18833E-04  0.77145E-04  0.48973E-04  0.94853E-04  0.83535E-04  0.15462E-04 -0.56121E-04 -0.88313E-04 -0.20899E-04 -0.49728E-04 -0.23850E-04 -0.13671E-03
  0.93750E+02 -0.54532E-05  0.76169E-04  0.39261E-04  0.94168E-04  0.77431E-04  0.16572E-04 -0.54698E-04 -0.84594E-04 -0.16808E-04 -0.48594E-04 -0.62357E-05 -0.12296E-03
  0.94141E+02  0.71594E-05  0.74156E-04  0.29669E-04  0.92117E-04  0.70614E-04  0.17369E-04 -0.52599E-04 -0.79900E-04 -0.12778E-04 -0.46795E-04  0.10272E-04 -0.10834E-03
  0.94531E+02  0.18867E-04  0.71205E-04  0.20339E-04  0.88825E-04  0.63230E-04  0.17853E-04 -0.49907E-04 -0.74377E-04 -0.88675E-05 -0.44405E-04  0.25503E-04 -0.93126E-04
  0.94922E+02  0.29556E-04  0.67422E-04  0.11395E-04  0.84426E-04  0.55420E-04  0.18031E-04 -0.46706E-04 -0.68174E-04 -0.51314E-05 -0.41500E-04  0.39323E-04 -0.77596E-04
  0.95312E+02  0.39136E-04  0.62912E-04  0.29477E-05  0.79059E-04  0.47332E-04  0.17920E-04 -0.43078E-04 -0.61436E-04 -0.16162E-05 -0.38155E-04  0.51628E-04 -0.62016E-04
  0.95703E+02  0.47537E-04  0.57785E-04 -0.49150E-05  0.72861E-04  0.39117E-04  0.17546E-04 -0.39104E-04 -0.54310E-04  0.16407E-05 -0.34441E-04  0.62342E-04 -0.46635E-04
  0.96094E+02  0.54710E-04  0.52157E-04 -0.12122E-04  0.65979E-04  0.30921E-04  0.16938E-04 -0.34865E-04 -0.46937E-04  0.46099E-05 -0.30434E-04  0.71406E-04 -0.31677E-04
  0.96484E+02  0.60627E-04  0.46146E-04 -0.18621E-04  0.58564E-04  0.22871E-04  0.16124E-04 -0.30440E-04 -0.39453E-04  0.72671E-05 -0.26213E-04  0.78788E-04 -0.17347E-04
  0.96875E+02  0.65281E-04  0.39866E-04 -0.24370E-04  0.50776E-04  0.15065E-04  0.15124E-04 -0.25912E-04 -0.31988E-04  0.95921E-05 -0.21858E-04  0.84484E-04 -0.38273E-05
  0.97266E+02  0.68683E-04  0.33429E-04 -0.29343E-04  0.42767E-04  0.75837E-05  0.13956E-04 -0.21361E-04 -0.24658E-04  0.11569E-04 -0.17451E-04  0.88526E-04  0.87284E-05
  0.97656E+02  0.70859E-04  0.26934E-04 -0.33523E-04  0.34682E-04  0.49925E-06  0.12635E-04 -0.16868E-04 -0.17567E-04  0.13186E-04 -0.13067E-04  0.90977E-04  0.20193E-04
  0.98047E+02  0.71854E-04  0.20471E-04 -0.36906E-04  0.26649E-04 -0.61048E-05  0.11188E-04 -0.12508E-04 -0.10804E-04  0.14442E-04 -0.87693E-05  0.91925E-04  0.30466E-04
  0.98438E+02  0.71731E-04  0.14125E-04 -0.39502E-04  0.18781E-04 -0.12138E-04  0.96452E-05 -0.83448E-05 -0.44449E-05  0.15338E-04 -0.46119E-05  0.91472E-04  0.39474E-04
  0.98828E+02  0.70572E-04  0.79665E-05 -0.41341E-04  0.11182E-04 -0.17519E-04  0.80374E-05 -0.44263E-05  0.14429E-05  0.15886E-04 -0.64123E-06  0.89727E-04  0.47168E-04
  0.99219E+02  0.68467E-04  0.20613E-05 -0.42459E-04  0.39448E-05 -0.22193E-04  0.63937E-05 -0.79412E-06  0.68038E-05  0.16105E-04  0.31030E-05  0.86799E-04  0.53521E-04
  0.99609E+02  0.65511E-04 -0.35451E-05 -0.42946E-04 -0.28413E-05 -0.26133E-04  0.47357E-05  0.25359E-05  0.11591E-04  0.16018E-04  0.65805E-05  0.82805E-04  0.58533E-04
