  0.00000E+00 -0.25611E-04  0.19193E-04  0.27529E-04  0.24863E-04  0.13791E-04 -0.58863E-04 -0.19923E-05 -0.14153E-04 -0.21812E-04 -0.21367E-04  0.12145E-04  0.38081E-04
  0.39062E+00 -0.21746E-04  0.19497E-04  0.25470E-04  0.25735E-04  0.15778E-04 -0.55403E-04 -0.28627E-05 -0.13970E-04 -0.20209E-04 -0.23347E-04  0.86212E-05  0.35629E-04
  0.78125E+00 -0.18944E-04  0.22014E-04  0.21638E-04  0.23893E-04  0.16424E-04 -0.44090E-04  0.27803E-05 -0.19614E-04 -0.14757E-04 -0.24651E-04 -0.74681E-05  0.31877E-04
  0.11719E+01 -0.16914E-04  0.25927E-04  0.18889E-04  0.20390E-04  0.13630E-04  0.71541E-05  0.44854E-04 -0.34933E-04  0.11088E-04 -0.21491E-04 -0.81445E-04  0.26747E-04
  0.15625E+01 -0.54981E-05  0.23404E-04  0.23951E-04  0.34527E-04  0.80737E-05  0.17026E-03  0.19977E-03 -0.43038E-04  0.87313E-04 -0.16090E-05 -0.27151E-03  0.27939E-04
  0.19531E+01  0.33922E-04  0.10824E-04  0.44518E-04  0.10676E-03  0.10747E-04  0.51257E-03  0.57535E-03 -0.16073E-04  0.22717E-03  0.51332E-04 -0.55698E-03  0.60294E-04
  0.23438E+01  0.10565E-03 -0.78671E-05  0.10192E-03  0.25253E-03  0.22437E-04  0.97748E-03  0.12189E-02  0.42766E-04  0.37337E-03  0.13696E-03 -0.78231E-03  0.16868E-03
  0.27344E+01  0.18549E-03 -0.31301E-04  0.21339E-03  0.41939E-03  0.32465E-04  0.13215E-02  0.19804E-02  0.10262E-03  0.39420E-03  0.20693E-03 -0.72486E-03  0.36266E-03
  0.31250E+01  0.24191E-03 -0.65870E-04  0.33259E-03  0.52015E-03  0.15169E-04  0.12648E-02  0.24461E-02  0.17143E-03  0.18179E-03  0.17423E-03 -0.22621E-03  0.52668E-03
  0.35156E+01  0.24560E-03 -0.11300E-03  0.36495E-03  0.49990E-03 -0.43262E-04  0.73519E-03  0.20893E-02  0.24471E-03 -0.21290E-03 -0.10353E-04  0.67699E-03  0.44766E-03
  0.39062E+01  0.17013E-03 -0.14888E-03  0.27639E-03  0.35346E-03 -0.11269E-03 -0.91226E-04  0.61002E-03  0.27503E-03 -0.59321E-03 -0.28757E-03  0.17037E-02  0.48654E-05
  0.42969E+01  0.15082E-04 -0.15488E-03  0.11785E-03  0.93831E-04 -0.15288E-03 -0.95483E-03 -0.17921E-02  0.23744E-03 -0.76172E-03 -0.50863E-03  0.24490E-02 -0.66863E-03
  0.46875E+01 -0.17977E-03 -0.12442E-03 -0.10661E-03 -0.25106E-03 -0.14505E-03 -0.16665E-02 -0.44570E-02  0.13134E-03 -0.65463E-03 -0.52970E-03  0.25808E-02 -0.12638E-02
  0.50781E+01 -0.36020E-03 -0.44094E-04 -0.59488E-03 -0.61769E-03 -0.94839E-04 -0.21316E-02 -0.65816E-02 -0.74529E-04 -0.35360E-03 -0.31199E-03  0.19609E-02 -0.15253E-02
  0.54688E+01 -0.48050E-03  0.97064E-04 -0.17241E-02 -0.91948E-03 -0.25378E-04 -0.23350E-02 -0.75572E-02 -0.40754E-03 -0.25764E-04  0.51280E-04  0.71339E-03 -0.13831E-02
  0.58594E+01 -0.51595E-03  0.26192E-03 -0.38059E-02 -0.10716E-02  0.34604E-04 -0.23216E-02 -0.71535E-02 -0.75187E-03  0.15105E-03  0.38698E-03 -0.80302E-03 -0.93342E-03
  0.62500E+01 -0.46696E-03  0.36736E-03 -0.66825E-02 -0.10279E-02  0.94556E-04 -0.21567E-02 -0.55492E-02 -0.72818E-03  0.48670E-04  0.54002E-03 -0.22004E-02 -0.36813E-03
  0.66406E+01 -0.35262E-03  0.32067E-03 -0.93605E-02 -0.80944E-03  0.26486E-03 -0.18679E-02 -0.32092E-02  0.23192E-03 -0.34454E-03  0.45521E-03 -0.33574E-02  0.13045E-03
  0.70312E+01 -0.19384E-03  0.12513E-05 -0.10024E-01 -0.48471E-03  0.79833E-03 -0.14616E-02 -0.68659E-03  0.25398E-02 -0.86696E-03  0.19467E-03 -0.47705E-02  0.45645E-03
  0.74219E+01 -0.95926E-05 -0.77137E-03 -0.67080E-02 -0.10629E-03  0.20259E-02 -0.99041E-03  0.15581E-02  0.60075E-02 -0.11852E-02 -0.12607E-03 -0.77412E-02  0.61016E-03
  0.78125E+01  0.17072E-03 -0.21677E-02  0.15423E-02  0.32730E-03  0.41653E-02 -0.54702E-03  0.32940E-02  0.95466E-02 -0.84425E-03 -0.43887E-03 -0.13686E-01  0.66483E-03
  0.82031E+01  0.30726E-03 -0.41576E-02  0.13659E-01  0.85914E-03  0.70599E-02 -0.16286E-03  0.46016E-02  0.11203E-01  0.61129E-03 -0.77362E-03 -0.22435E-01  0.68053E-03
  0.85938E+01  0.35886E-03 -0.63077E-02  0.26353E-01  0.15120E-02  0.99108E-02  0.40659E-03  0.58071E-02  0.87388E-02  0.33723E-02 -0.12357E-02 -0.30583E-01  0.68216E-03
  0.89844E+01  0.30723E-03 -0.76991E-02  0.35195E-01  0.22115E-02  0.11148E-01  0.20531E-02  0.72359E-02  0.79356E-03  0.70592E-02 -0.19300E-02 -0.31105E-01  0.66312E-03
  0.93750E+01  0.16803E-03 -0.70688E-02  0.36701E-01  0.27346E-02  0.86516E-02  0.60888E-02  0.89832E-02 -0.11919E-01  0.10571E-01 -0.28369E-02 -0.15579E-01  0.33732E-03
  0.97656E+01 -0.97089E-05 -0.32760E-02  0.30077E-01  0.26946E-02  0.55207E-03  0.12903E-01  0.10845E-01 -0.26254E-01  0.12261E-01 -0.36870E-02  0.20495E-01 -0.12304E-02
  0.10156E+02 -0.15598E-03  0.39742E-02  0.17324E-01  0.16151E-02 -0.13505E-01  0.20884E-01  0.12286E-01 -0.37508E-01  0.10529E-01 -0.39287E-02  0.71962E-01 -0.50912E-02
  0.10547E+02 -0.23802E-03  0.13535E-01  0.19362E-02 -0.84857E-03 -0.31213E-01  0.26579E-01  0.12354E-01 -0.41196E-01  0.46493E-02 -0.28637E-02  0.12244E+00 -0.11116E-01
  0.10938E+02 -0.32820E-03  0.22901E-01 -0.12508E-01 -0.46203E-02 -0.47544E-01  0.25389E-01  0.97720E-02 -0.35203E-01 -0.47053E-02  0.66145E-04  0.14952E+00 -0.17525E-01
  0.11328E+02 -0.57681E-03  0.29128E-01 -0.23041E-01 -0.90122E-02 -0.56257E-01  0.12801E-01  0.35253E-02 -0.21179E-01 -0.15599E-01  0.49315E-02  0.13546E+00 -0.21338E-01
  0.11719E+02 -0.10949E-02  0.30048E-01 -0.27853E-01 -0.12771E-01 -0.52384E-01 -0.13166E-01 -0.61985E-02 -0.35377E-02 -0.25494E-01  0.11030E-01  0.78383E-01 -0.18923E-01
  0.12109E+02 -0.18738E-02  0.25159E-01 -0.27166E-01 -0.14401E-01 -0.34641E-01 -0.49115E-01 -0.17474E-01  0.13390E-01 -0.32026E-01  0.16833E-01 -0.44207E-02 -0.70368E-02
  0.12500E+02 -0.27771E-02  0.15931E-01 -0.23309E-01 -0.12708E-01 -0.67455E-02 -0.85282E-01 -0.27184E-01  0.27194E-01 -0.33629E-01  0.20345E-01 -0.85707E-01  0.15238E-01
  0.12891E+02 -0.35450E-02  0.52319E-02 -0.19162E-01 -0.73606E-02  0.23612E-01 -0.10819E+00 -0.32427E-01  0.36888E-01 -0.29833E-01  0.19827E-01 -0.14374E+00  0.44477E-01
  0.13281E+02 -0.38128E-02 -0.43857E-02 -0.16485E-01  0.79214E-03  0.48574E-01 -0.10652E+00 -0.31725E-01  0.41565E-01 -0.21250E-01  0.14601E-01 -0.17014E+00  0.72655E-01
  0.13672E+02 -0.31865E-02 -0.12262E-01 -0.15552E-01  0.98872E-02  0.64129E-01 -0.77426E-01 -0.25495E-01  0.40050E-01 -0.93002E-02  0.54837E-02 -0.16594E+00  0.89659E-01
  0.14062E+02 -0.13748E-02 -0.19281E-01 -0.15606E-01  0.17717E-01  0.70777E-01 -0.28912E-01 -0.16115E-01  0.31957E-01  0.41540E-02 -0.53582E-02 -0.13598E+00  0.87585E-01
  0.14453E+02  0.16610E-02 -0.26054E-01 -0.15486E-01  0.22616E-01  0.70768E-01  0.24527E-01 -0.69494E-02  0.19275E-01  0.17144E-01 -0.15175E-01 -0.88092E-01  0.64798E-01
  0.14844E+02  0.55936E-02 -0.31695E-01 -0.14243E-01  0.24043E-01  0.65071E-01  0.69527E-01  0.35212E-03  0.66100E-02  0.27876E-01 -0.21752E-01 -0.33673E-01  0.27449E-01
  0.15234E+02  0.96902E-02 -0.34132E-01 -0.11516E-01  0.22561E-01  0.52592E-01  0.98499E-01  0.76459E-02 -0.14431E-02  0.34957E-01 -0.24343E-01  0.13992E-01 -0.13366E-01
  0.15625E+02  0.12901E-01 -0.31491E-01 -0.76332E-02  0.19273E-01  0.32055E-01  0.11045E+00  0.18237E-01 -0.34898E-02  0.37611E-01 -0.23836E-01  0.44204E-01 -0.47463E-01
  0.16016E+02  0.14146E-01 -0.23602E-01 -0.34512E-02  0.15125E-01  0.49799E-02  0.10991E+00  0.32810E-01 -0.12071E-02  0.35894E-01 -0.22011E-01  0.53670E-01 -0.69752E-01
  0.16406E+02  0.12768E-01 -0.12735E-01  0.96114E-04  0.10455E-01 -0.22708E-01  0.10320E+00  0.47592E-01  0.29361E-02  0.30734E-01 -0.20352E-01  0.47231E-01 -0.80222E-01
  0.16797E+02  0.89843E-02 -0.29742E-02  0.24134E-02  0.49816E-02 -0.42387E-01  0.93241E-01  0.56267E-01  0.69414E-02  0.23639E-01 -0.19164E-01  0.34158E-01 -0.82387E-01
  0.17188E+02  0.40392E-02  0.17779E-02  0.34344E-02 -0.17639E-02 -0.48002E-01  0.78092E-01  0.53973E-01  0.95322E-02  0.16179E-01 -0.17443E-01  0.23291E-01 -0.81564E-01
  0.17578E+02 -0.14502E-03  0.34697E-03  0.35720E-02 -0.98071E-02 -0.40878E-01  0.54493E-01  0.40374E-01  0.10228E-01  0.94949E-02 -0.13520E-01  0.19521E-01 -0.81254E-01
  0.17969E+02 -0.18301E-02 -0.49354E-02  0.34362E-02 -0.18260E-01 -0.28154E-01  0.22776E-01  0.19687E-01  0.91807E-02  0.40333E-02 -0.61492E-02  0.22857E-01 -0.79790E-01
  0.18359E+02 -0.45218E-03 -0.10482E-01  0.35878E-02 -0.25383E-01 -0.16874E-01 -0.11143E-01 -0.17774E-02  0.67932E-02 -0.38436E-03  0.44995E-02  0.29956E-01 -0.71590E-01
  0.18750E+02  0.29002E-02 -0.13897E-01  0.43875E-02 -0.29256E-01 -0.10796E-01 -0.38451E-01 -0.18311E-01  0.33547E-02 -0.42129E-02  0.16480E-01  0.36618E-01 -0.52281E-01
  0.19141E+02  0.59881E-02 -0.14186E-01  0.59369E-02 -0.28714E-01 -0.10489E-01 -0.53170E-01 -0.26596E-01 -0.10919E-02 -0.77614E-02  0.26617E-01  0.39792E-01 -0.22965E-01
  0.19531E+02  0.67106E-02 -0.11173E-01  0.81692E-02 -0.23976E-01 -0.14052E-01 -0.55489E-01 -0.26462E-01 -0.66180E-02 -0.10926E-01  0.31809E-01  0.38402E-01  0.95041E-02
  0.19922E+02  0.42402E-02 -0.53198E-02  0.10935E-01 -0.16546E-01 -0.18353E-01 -0.49882E-01 -0.20575E-01 -0.13155E-01 -0.13283E-01  0.30537E-01  0.33127E-01  0.35960E-01
  0.20312E+02 -0.90620E-03  0.24782E-02  0.14075E-01 -0.85239E-02 -0.20686E-01 -0.41619E-01 -0.13056E-01 -0.20214E-01 -0.14403E-01  0.23778E-01  0.25670E-01  0.50313E-01
  0.20703E+02 -0.76133E-02  0.11158E-01  0.17425E-01 -0.18100E-02 -0.19852E-01 -0.34798E-01 -0.74959E-02 -0.26805E-01 -0.14141E-01  0.14604E-01  0.17926E-01  0.52976E-01
  0.21094E+02 -0.14766E-01  0.19604E-01  0.20686E-01  0.24640E-02 -0.16226E-01 -0.31549E-01 -0.55077E-02 -0.31700E-01 -0.12752E-01  0.65335E-02  0.11365E-01  0.48795E-01
  0.21484E+02 -0.21540E-01  0.26720E-01  0.23391E-01  0.41668E-02 -0.11117E-01 -0.31893E-01 -0.66556E-02 -0.33899E-01 -0.10808E-01  0.17726E-02  0.66885E-02  0.42664E-01
  0.21875E+02 -0.27576E-01  0.31617E-01  0.25034E-01  0.40069E-02 -0.60066E-02 -0.34243E-01 -0.93602E-02 -0.33066E-01 -0.89628E-02  0.60338E-03  0.37809E-02  0.37573E-01
  0.22266E+02 -0.32514E-01  0.33814E-01  0.25171E-01  0.30571E-02 -0.20021E-02 -0.36329E-01 -0.11946E-01 -0.29704E-01 -0.77006E-02  0.18772E-02  0.19917E-02  0.34669E-01
  0.22656E+02 -0.35139E-01  0.33367E-01  0.23580E-01  0.22564E-02  0.50824E-03 -0.36211E-01 -0.13324E-01 -0.24870E-01 -0.72428E-02  0.38488E-02  0.50932E-03  0.33665E-01
  0.23047E+02 -0.33667E-01  0.30890E-01  0.20386E-01  0.21492E-02  0.18547E-02 -0.33027E-01 -0.13185E-01 -0.19592E-01 -0.75278E-02  0.49594E-02 -0.12328E-02  0.33450E-01
  0.23438E+02 -0.27154E-01  0.27298E-01  0.16049E-01  0.28487E-02  0.27247E-02 -0.27222E-01 -0.11857E-01 -0.14352E-01 -0.83003E-02  0.44050E-02 -0.33388E-02  0.32793E-01
  0.23828E+02 -0.16448E-01  0.23340E-01  0.11243E-01  0.41419E-02  0.37394E-02 -0.20186E-01 -0.99807E-02 -0.90723E-02 -0.92609E-02  0.23027E-02 -0.56035E-02  0.30840E-01
  0.24219E+02 -0.39853E-02  0.19227E-01  0.66588E-02  0.56306E-02  0.51666E-02 -0.13460E-01 -0.81490E-02 -0.35787E-02 -0.10118E-01 -0.57411E-03 -0.77374E-02  0.27292E-01
  0.24609E+02  0.71527E-02  0.14668E-01  0.26810E-02  0.68700E-02  0.68482E-02 -0.80238E-02 -0.66846E-02  0.20436E-02 -0.10598E-01 -0.32729E-02 -0.94915E-02  0.22376E-01
  0.25000E+02  0.14368E-01  0.93367E-02 -0.76113E-03  0.75581E-02  0.84097E-02 -0.40738E-02 -0.56177E-02  0.73837E-02 -0.10459E-01 -0.50770E-02 -0.10742E-01  0.16723E-01
  0.25391E+02  0.16508E-01  0.33120E-02 -0.40384E-02  0.76690E-02  0.95454E-02 -0.12512E-02 -0.47822E-02  0.11808E-01 -0.95619E-02 -0.57785E-02 -0.11511E-01  0.11152E-01
  0.25781E+02  0.14426E-01 -0.28584E-02 -0.75233E-02  0.74670E-02  0.10140E-01  0.10147E-02 -0.39524E-02  0.14748E-01 -0.79364E-02 -0.57323E-02 -0.11907E-01  0.63564E-02
  0.26172E+02  0.10821E-01 -0.83437E-02 -0.11274E-01  0.73727E-02  0.10296E-01  0.32380E-02 -0.29813E-02  0.16003E-01 -0.57642E-02 -0.55933E-02 -0.12072E-01  0.26128E-02
  0.26562E+02  0.90279E-02 -0.12357E-01 -0.14977E-01  0.76619E-02  0.10254E-01  0.57043E-02 -0.18470E-02  0.15845E-01 -0.34122E-02 -0.59337E-02 -0.12140E-01 -0.28374E-03
  0.26953E+02  0.11126E-01 -0.14493E-01 -0.18149E-01  0.82540E-02  0.10251E-01  0.84181E-02 -0.61378E-03  0.14874E-01 -0.13142E-02 -0.69644E-02 -0.12194E-01 -0.27733E-02
  0.27344E+02  0.16483E-01 -0.14883E-01 -0.20302E-01  0.87698E-02  0.10409E-01  0.11179E-01  0.60191E-03  0.13742E-01  0.25727E-03 -0.84740E-02 -0.12250E-01 -0.52196E-02
  0.27734E+02  0.22008E-01 -0.14123E-01 -0.21106E-01  0.87794E-02  0.10628E-01  0.13707E-01  0.16763E-02  0.12882E-01  0.12610E-02 -0.10006E-01 -0.12260E-01 -0.77774E-02
  0.28125E+02  0.24366E-01 -0.13011E-01 -0.20557E-01  0.80890E-02  0.10630E-01  0.15748E-01  0.25390E-02  0.12401E-01  0.18826E-02 -0.11055E-01 -0.12133E-01 -0.10409E-01
  0.28516E+02  0.22524E-01 -0.12200E-01 -0.18936E-01  0.68610E-02  0.10114E-01  0.17153E-01  0.31877E-02  0.12189E-01  0.24670E-02 -0.11214E-01 -0.11779E-01 -0.12938E-01
  0.28906E+02  0.18144E-01 -0.11951E-01 -0.16711E-01  0.54652E-02  0.89168E-02  0.17902E-01  0.36732E-02  0.12059E-01  0.33777E-02 -0.10339E-01 -0.11130E-01 -0.15131E-01
  0.29297E+02  0.13677E-01 -0.12116E-01 -0.14408E-01  0.42517E-02  0.71648E-02  0.18082E-01  0.40782E-02  0.11769E-01  0.48586E-02 -0.86101E-02 -0.10140E-01 -0.16787E-01
  0.29688E+02  0.10489E-01 -0.12347E-01 -0.12364E-01  0.33794E-02  0.52253E-02  0.17842E-01  0.44766E-02  0.11120E-01  0.68918E-02 -0.64383E-02 -0.88145E-02 -0.17813E-01
  0.30078E+02  0.85917E-02 -0.12354E-01 -0.10611E-01  0.27069E-02  0.34906E-02  0.17336E-01  0.48980E-02  0.10056E-01  0.92052E-02 -0.43283E-02 -0.72295E-02 -0.18235E-01
  0.30469E+02  0.74154E-02 -0.11961E-01 -0.90060E-02  0.18825E-02  0.22376E-02  0.16663E-01  0.53310E-02  0.86677E-02  0.11456E-01 -0.27129E-02 -0.55190E-02 -0.18161E-01
  0.30859E+02  0.64553E-02 -0.11091E-01 -0.73701E-02  0.61170E-03  0.15240E-02  0.15853E-01  0.57352E-02  0.71343E-02  0.13345E-01 -0.17706E-02 -0.38582E-02 -0.17727E-01
  0.31250E+02  0.53704E-02 -0.98597E-02 -0.56121E-02 -0.11237E-02  0.11507E-02  0.14873E-01  0.60564E-02  0.56342E-02  0.14652E-01 -0.13597E-02 -0.24149E-02 -0.17035E-01
  0.31641E+02  0.39428E-02 -0.84944E-02 -0.37870E-02 -0.30718E-02  0.76414E-03  0.13651E-01  0.62592E-02  0.42716E-02  0.15247E-01 -0.11143E-02 -0.12773E-02 -0.16131E-01
  0.32031E+02  0.21810E-02 -0.71536E-02 -0.20012E-02 -0.48821E-02  0.53789E-04  0.12139E-01  0.63294E-02  0.30495E-02  0.15055E-01 -0.63675E-03 -0.41722E-03 -0.15014E-01
  0.32422E+02  0.31636E-03 -0.59002E-02 -0.36003E-03 -0.63081E-02 -0.10608E-02  0.10347E-01  0.62615E-02  0.18835E-02  0.14084E-01  0.28447E-03  0.29610E-03 -0.13654E-01
  0.32812E+02 -0.13997E-02 -0.47198E-02  0.10091E-02 -0.73596E-02 -0.24098E-02  0.83483E-02  0.60616E-02  0.67744E-03  0.12412E-01  0.16059E-02  0.10319E-02 -0.12035E-01
  0.33203E+02 -0.28436E-02 -0.35297E-02  0.20518E-02 -0.82766E-02 -0.37377E-02  0.62750E-02  0.57367E-02 -0.58764E-03  0.10165E-01  0.31054E-02  0.19009E-02 -0.10183E-01
  0.33594E+02 -0.40250E-02 -0.22534E-02  0.28603E-02 -0.93630E-02 -0.48803E-02  0.42886E-02  0.52946E-02 -0.18627E-02  0.75452E-02  0.45384E-02  0.28981E-02 -0.81720E-02
  0.33984E+02 -0.50407E-02 -0.87267E-03  0.35705E-02 -0.10744E-01 -0.58258E-02  0.25275E-02  0.47690E-02 -0.30672E-02  0.48447E-02  0.58025E-02  0.39201E-02 -0.61158E-02
  0.34375E+02 -0.59988E-02  0.55294E-03  0.42765E-02 -0.12187E-01 -0.66619E-02  0.10638E-02  0.42118E-02 -0.40855E-02  0.23672E-02  0.69659E-02  0.48320E-02 -0.41490E-02
  0.34766E+02 -0.69662E-02  0.18952E-02  0.50255E-02 -0.13217E-01 -0.74846E-02 -0.12232E-03  0.36622E-02 -0.48246E-02  0.36777E-03  0.81832E-02  0.55514E-02 -0.23836E-02
  0.35156E+02 -0.79645E-02  0.30379E-02  0.57862E-02 -0.13377E-01 -0.83181E-02 -0.11269E-02  0.31400E-02 -0.52764E-02 -0.10420E-02  0.95107E-02  0.60899E-02 -0.88580E-03
  0.35547E+02 -0.89393E-02  0.39194E-02  0.64572E-02 -0.12432E-01 -0.90701E-02 -0.20601E-02  0.26441E-02 -0.54787E-02 -0.19664E-02  0.10762E-01  0.65203E-02  0.34120E-03
  0.35938E+02 -0.97695E-02  0.45104E-02  0.69346E-02 -0.10445E-01 -0.95658E-02 -0.29958E-02  0.21414E-02 -0.54865E-02 -0.26476E-02  0.11603E-01  0.69159E-02  0.13640E-02
  0.36328E+02 -0.10337E-01  0.48285E-02  0.71489E-02 -0.77045E-02 -0.96359E-02 -0.39498E-02  0.15862E-02 -0.53748E-02 -0.33210E-02  0.11743E-01  0.73104E-02  0.22843E-02
  0.36719E+02 -0.10558E-01  0.49412E-02  0.70954E-02 -0.46437E-02 -0.91782E-02 -0.48742E-02  0.95561E-03 -0.52131E-02 -0.41053E-02  0.11040E-01  0.76796E-02  0.31833E-02
  0.37109E+02 -0.10404E-01  0.49176E-02  0.68534E-02 -0.17368E-02 -0.81674E-02 -0.56933E-02  0.25682E-03 -0.50611E-02 -0.49782E-02  0.95116E-02  0.79492E-02  0.40837E-02
  0.37500E+02 -0.99262E-02  0.48233E-02  0.65250E-02  0.64681E-03 -0.66594E-02 -0.63567E-02 -0.46751E-03 -0.49642E-02 -0.58340E-02  0.73257E-02  0.80264E-02  0.49441E-02
  0.37891E+02 -0.92255E-02  0.47274E-02  0.61711E-02  0.23211E-02 -0.48037E-02 -0.68599E-02 -0.11476E-02 -0.49108E-02 -0.65478E-02  0.47728E-02  0.78389E-02  0.56957E-02
  0.38281E+02 -0.84044E-02  0.46742E-02  0.58116E-02  0.32857E-02 -0.28214E-02 -0.72416E-02 -0.17367E-02 -0.48402E-02 -0.70282E-02  0.21919E-02  0.73561E-02  0.62920E-02
  0.38672E+02 -0.75464E-02  0.46793E-02  0.54283E-02  0.37126E-02 -0.94915E-03 -0.75586E-02 -0.22336E-02 -0.46952E-02 -0.72377E-02 -0.11305E-03  0.65790E-02  0.67244E-02
  0.39062E+02 -0.66989E-02  0.47201E-02  0.49823E-02  0.38877E-02  0.61341E-03 -0.78413E-02 -0.26503E-02 -0.44289E-02 -0.71789E-02 -0.19241E-02  0.55296E-02  0.70239E-02
  0.39453E+02 -0.58769E-02  0.47206E-02  0.44654E-02  0.41034E-02  0.17440E-02 -0.80719E-02 -0.29897E-02 -0.40141E-02 -0.69062E-02 -0.31345E-02  0.42629E-02  0.72507E-02
  0.39844E+02 -0.50643E-02  0.46041E-02  0.38981E-02  0.45404E-02  0.24268E-02 -0.82030E-02 -0.32455E-02 -0.34806E-02 -0.65234E-02 -0.37648E-02  0.28711E-02  0.74513E-02
  0.40234E+02 -0.42164E-02  0.43374E-02  0.32914E-02  0.51916E-02  0.27566E-02 -0.81911E-02 -0.34019E-02 -0.28983E-02 -0.61080E-02 -0.39709E-02  0.14696E-02  0.76259E-02
  0.40625E+02 -0.32921E-02  0.39174E-02  0.26573E-02  0.58976E-02  0.28995E-02 -0.80256E-02 -0.34449E-02 -0.23362E-02 -0.56654E-02 -0.40018E-02  0.17898E-03  0.77342E-02
  0.41016E+02 -0.22686E-02  0.33862E-02  0.20230E-02  0.64509E-02  0.30303E-02 -0.77276E-02 -0.33809E-02 -0.18477E-02 -0.51761E-02 -0.40967E-02 -0.89630E-03  0.77234E-02
  0.41406E+02 -0.11379E-02  0.28343E-02  0.14118E-02  0.66929E-02  0.32700E-02 -0.73201E-02 -0.32288E-02 -0.14425E-02 -0.46380E-02 -0.43897E-02 -0.16940E-02  0.75652E-02
  0.41797E+02  0.65467E-04  0.23384E-02  0.83378E-03  0.65886E-02  0.36343E-02 -0.68086E-02 -0.30151E-02 -0.10777E-02 -0.40532E-02 -0.48616E-02 -0.22126E-02  0.72791E-02
  0.42188E+02  0.12656E-02  0.19300E-02  0.29248E-03  0.62127E-02  0.40378E-02 -0.61766E-02 -0.27827E-02 -0.71033E-03 -0.34225E-02 -0.53585E-02 -0.25126E-02  0.69070E-02
  0.42578E+02  0.23724E-02  0.15977E-02 -0.21114E-03  0.56733E-02  0.43560E-02 -0.53829E-02 -0.25699E-02 -0.32625E-03 -0.27585E-02 -0.56902E-02 -0.26945E-02  0.64751E-02
  0.42969E+02  0.32975E-02  0.12850E-02 -0.67689E-03  0.50677E-02  0.44852E-02 -0.43851E-02 -0.23884E-02  0.70494E-04 -0.20857E-02 -0.57299E-02 -0.28583E-02  0.59815E-02
  0.43359E+02  0.39905E-02  0.93704E-03 -0.11035E-02  0.44659E-02  0.43887E-02 -0.31778E-02 -0.22386E-02  0.45478E-03 -0.14279E-02 -0.54592E-02 -0.30670E-02  0.53966E-02
  0.43750E+02  0.44583E-02  0.54961E-03 -0.14876E-02  0.39071E-02  0.41090E-02 -0.18093E-02 -0.21122E-02  0.79801E-03 -0.80242E-03 -0.49652E-02 -0.33264E-02  0.46707E-02
  0.44141E+02  0.47359E-02  0.14681E-03 -0.18250E-02  0.33979E-02  0.37233E-02 -0.37142E-03 -0.19807E-02  0.10989E-02 -0.21884E-03 -0.43717E-02 -0.35852E-02  0.37598E-02
  0.44531E+02  0.48687E-02 -0.24177E-03 -0.21115E-02  0.28968E-02  0.32977E-02  0.10174E-02 -0.18108E-02  0.13626E-02  0.31873E-03 -0.37694E-02 -0.37675E-02  0.26532E-02
  0.44922E+02  0.48936E-02 -0.58634E-03 -0.23448E-02  0.23486E-02  0.28805E-02  0.22325E-02 -0.15799E-02  0.15791E-02  0.80933E-03 -0.32099E-02 -0.38172E-02  0.13872E-02
  0.45312E+02  0.48188E-02 -0.88356E-03 -0.25246E-02  0.17540E-02  0.24976E-02  0.31740E-02 -0.12814E-02  0.17473E-02  0.12527E-02 -0.27121E-02 -0.37181E-02  0.37950E-04
  0.45703E+02  0.46532E-02 -0.11462E-02 -0.26520E-02  0.11557E-02  0.21512E-02  0.37963E-02 -0.93809E-03  0.18790E-02  0.16478E-02 -0.22659E-02 -0.34957E-02 -0.12973E-02
  0.46094E+02  0.44395E-02 -0.13683E-02 -0.27294E-02  0.57812E-03  0.18267E-02  0.41171E-02 -0.59555E-03  0.19796E-02  0.19920E-02 -0.18388E-02 -0.32030E-02 -0.25104E-02
  0.46484E+02  0.42247E-02 -0.15442E-02 -0.27595E-02  0.29278E-04  0.14906E-02  0.42079E-02 -0.28952E-03  0.20481E-02  0.22826E-02 -0.13835E-02 -0.28879E-02 -0.34996E-02
  0.46875E+02  0.40370E-02 -0.16877E-02 -0.27454E-02 -0.47396E-03  0.11160E-02  0.41703E-02 -0.37893E-04  0.20835E-02  0.25169E-02 -0.88071E-03 -0.25756E-02 -0.41978E-02
  0.47266E+02  0.38892E-02 -0.18069E-02 -0.26906E-02 -0.91777E-03  0.71846E-03  0.41059E-02  0.15407E-03  0.20862E-02  0.26938E-02 -0.36941E-03 -0.22770E-02 -0.45879E-02
  0.47656E+02  0.37686E-02 -0.18972E-02 -0.25987E-02 -0.13037E-02  0.33664E-03  0.40857E-02  0.30567E-03  0.20570E-02  0.28140E-02  0.10552E-03 -0.19920E-02 -0.47054E-02
  0.48047E+02  0.36416E-02 -0.19546E-02 -0.24734E-02 -0.16391E-02 -0.14294E-04  0.41309E-02  0.45185E-03  0.19974E-02  0.28798E-02  0.53696E-03 -0.17101E-02 -0.46301E-02
  0.48438E+02  0.34647E-02 -0.19787E-02 -0.23188E-02 -0.19276E-02 -0.33739E-03  0.42097E-02  0.61179E-03  0.19105E-02  0.28946E-02  0.92517E-03 -0.14185E-02 -0.44622E-02
  0.48828E+02  0.31860E-02 -0.19700E-02 -0.21391E-02 -0.21695E-02 -0.62625E-03  0.42541E-02  0.78348E-03  0.18001E-02  0.28626E-02  0.12576E-02 -0.11067E-02 -0.42936E-02
  0.49219E+02  0.27829E-02 -0.19302E-02 -0.19386E-02 -0.23635E-02 -0.87261E-03  0.41925E-02  0.95169E-03  0.16703E-02  0.27878E-02  0.15312E-02 -0.77430E-03 -0.41818E-02
  0.49609E+02  0.22811E-02 -0.18625E-02 -0.17219E-02 -0.25074E-02 -0.10809E-02  0.39822E-02  0.10907E-02  0.15249E-02  0.26747E-02  0.17572E-02 -0.44245E-03 -0.41351E-02
  0.50000E+02  0.17214E-02 -0.17710E-02 -0.14935E-02 -0.26000E-02 -0.12589E-02  0.36267E-02  0.11842E-02  0.13670E-02  0.25272E-02  0.19438E-02 -0.13721E-03 -0.41145E-02
  0.50391E+02  0.11590E-02 -0.16595E-02 -0.12578E-02 -0.26415E-02 -0.14081E-02  0.31727E-02  0.12392E-02  0.11995E-02  0.23500E-02  0.20915E-02  0.13577E-03 -0.40531E-02
  0.50781E+02  0.66623E-03 -0.15314E-02 -0.10187E-02 -0.26344E-02 -0.15267E-02  0.26875E-02  0.12689E-02  0.10251E-02  0.21476E-02  0.21982E-02  0.38463E-03 -0.38845E-02
  0.51172E+02  0.28483E-03 -0.13895E-02 -0.78000E-03 -0.25831E-02 -0.16130E-02  0.22252E-02  0.12795E-02  0.84668E-03  0.19248E-02  0.22625E-02  0.60877E-03 -0.35726E-02
  0.51562E+02  0.42438E-05 -0.12365E-02 -0.54536E-03 -0.24929E-02 -0.16663E-02  0.18084E-02  0.12766E-02  0.66724E-03  0.16867E-02  0.22839E-02  0.80184E-03 -0.31281E-02
  0.51953E+02 -0.21992E-03 -0.10751E-02 -0.31816E-03 -0.23692E-02 -0.16867E-02  0.14335E-02  0.12595E-02  0.48971E-03  0.14379E-02  0.22634E-02  0.96603E-03 -0.26017E-02
  0.52344E+02 -0.44804E-03 -0.90798E-03 -0.10147E-03 -0.22166E-02 -0.16758E-02  0.10815E-02  0.12234E-02  0.31680E-03  0.11832E-02  0.22043E-02  0.11068E-02 -0.20620E-02
  0.52734E+02 -0.71858E-03 -0.73799E-03  0.10205E-03 -0.20396E-02 -0.16366E-02  0.73336E-03  0.11724E-02  0.15089E-03  0.92708E-03  0.21114E-02  0.12232E-02 -0.15663E-02
  0.53125E+02 -0.10251E-02 -0.56797E-03  0.29021E-03 -0.18421E-02 -0.15727E-02  0.38382E-03  0.11124E-02 -0.59796E-05  0.67366E-03  0.19899E-02  0.13121E-02 -0.11382E-02
  0.53516E+02 -0.13388E-02 -0.40065E-03  0.46121E-03 -0.16282E-02 -0.14879E-02  0.36188E-04  0.10386E-02 -0.15209E-03  0.42674E-03  0.18449E-02  0.13727E-02 -0.76702E-03
  0.53906E+02 -0.16163E-02 -0.23853E-03  0.61363E-03 -0.14022E-02 -0.13855E-02 -0.30441E-03  0.94834E-03 -0.28602E-03  0.18973E-03  0.16808E-02  0.14060E-02 -0.42830E-03
  0.54297E+02 -0.18106E-02 -0.83811E-04  0.74637E-03 -0.11684E-02 -0.12685E-02 -0.62554E-03  0.84860E-03 -0.40659E-03 -0.34386E-04  0.15014E-02  0.14131E-02 -0.10007E-03
  0.54688E+02 -0.19145E-02  0.61694E-04  0.85872E-03 -0.93145E-03 -0.11393E-02 -0.90967E-03  0.74442E-03 -0.51294E-03 -0.24299E-03  0.13102E-02  0.13962E-02  0.22786E-03
  0.55078E+02 -0.19604E-02  0.19649E-03  0.95033E-03 -0.69541E-03 -0.10005E-02 -0.11448E-02  0.63645E-03 -0.60442E-03 -0.43384E-03  0.11104E-02  0.13577E-02  0.54983E-03
  0.55469E+02 -0.19797E-02  0.31937E-03  0.10212E-02 -0.46423E-03 -0.85456E-03 -0.13290E-02  0.52638E-03 -0.68062E-03 -0.60514E-03  0.90563E-03  0.13004E-02  0.85358E-03
  0.55859E+02 -0.19915E-02  0.42929E-03  0.10718E-02 -0.24140E-03 -0.70435E-03 -0.14719E-02  0.41658E-03 -0.74136E-03 -0.75553E-03  0.69948E-03  0.12267E-02  0.11291E-02
  0.56250E+02 -0.19968E-02  0.52543E-03  0.11026E-02 -0.29933E-04 -0.55275E-03 -0.15883E-02  0.30846E-03 -0.78668E-03 -0.88412E-03  0.49564E-03  0.11390E-02  0.13639E-02
  0.56641E+02 -0.19752E-02  0.60717E-03  0.11144E-02  0.16765E-03 -0.40255E-03 -0.16801E-02  0.20293E-03 -0.81690E-03 -0.99043E-03  0.29759E-03  0.10395E-02  0.15461E-02
  0.57031E+02 -0.19163E-02  0.67417E-03  0.11084E-02  0.34930E-03 -0.25629E-03 -0.17377E-02  0.10105E-03 -0.83256E-03 -0.10744E-02  0.10834E-03  0.93038E-03  0.16745E-02
  0.57422E+02 -0.18294E-02  0.72635E-03  0.10857E-02  0.51337E-03 -0.11612E-03 -0.17598E-02  0.41155E-05 -0.83441E-03 -0.11361E-02 -0.69656E-04  0.81403E-03  0.17583E-02
  0.57812E+02 -0.17194E-02  0.76390E-03  0.10478E-02  0.65852E-03  0.16151E-04 -0.17551E-02 -0.86592E-04 -0.82339E-03 -0.11762E-02 -0.23444E-03  0.69283E-03  0.18108E-02
  0.58203E+02 -0.15893E-02  0.78723E-03  0.99649E-03  0.78376E-03  0.13905E-03 -0.17261E-02 -0.16993E-03 -0.80053E-03 -0.11955E-02 -0.38443E-03  0.56910E-03  0.18415E-02
  0.58594E+02 -0.14441E-02  0.79697E-03  0.93336E-03  0.88840E-03  0.25135E-03 -0.16684E-02 -0.24498E-03 -0.76699E-03 -0.11950E-02 -0.51836E-03  0.44508E-03  0.18472E-02
  0.58984E+02 -0.12810E-02  0.79392E-03  0.86022E-03  0.97215E-03  0.35209E-03 -0.15841E-02 -0.31110E-03 -0.72405E-03 -0.11761E-02 -0.63526E-03  0.32279E-03  0.18190E-02
  0.59375E+02 -0.11052E-02  0.77905E-03  0.77891E-03  0.10351E-02  0.44052E-03 -0.14808E-02 -0.36791E-03 -0.67304E-03 -0.11403E-02 -0.73445E-03  0.20405E-03  0.17595E-02
  0.59766E+02 -0.93282E-03  0.75347E-03  0.69128E-03  0.10777E-02  0.51613E-03 -0.13629E-02 -0.41527E-03 -0.61533E-03 -0.10893E-02 -0.81558E-03  0.90449E-04  0.16795E-02
  0.60156E+02 -0.76411E-03  0.71832E-03  0.59912E-03  0.11007E-02  0.57858E-03 -0.12323E-02 -0.45314E-03 -0.55228E-03 -0.10250E-02 -0.87856E-03 -0.16668E-04  0.15805E-02
  0.60547E+02 -0.59066E-03  0.67479E-03  0.50417E-03  0.11049E-02  0.62773E-03 -0.10917E-02 -0.48164E-03 -0.48518E-03 -0.94913E-03 -0.92359E-03 -0.11613E-03  0.14586E-02
  0.60938E+02 -0.41693E-03  0.62407E-03  0.40806E-03  0.10916E-02  0.66364E-03 -0.94435E-03 -0.50097E-03 -0.41530E-03 -0.86383E-03 -0.95108E-03 -0.20693E-03  0.13183E-02
  0.61328E+02 -0.24994E-03  0.56737E-03  0.31232E-03  0.10621E-02  0.68660E-03 -0.79275E-03 -0.51142E-03 -0.34387E-03 -0.77104E-03 -0.96174E-03 -0.28822E-03  0.11690E-02
  0.61719E+02 -0.90010E-04  0.50593E-03  0.21835E-03  0.10181E-02  0.69712E-03 -0.63903E-03 -0.51342E-03 -0.27205E-03 -0.67274E-03 -0.95655E-03 -0.35933E-03  0.10141E-02
  0.62109E+02  0.62207E-04  0.44102E-03  0.12747E-03  0.96121E-03  0.69592E-03 -0.48558E-03 -0.50749E-03 -0.20099E-03 -0.57080E-03 -0.93670E-03 -0.41980E-03  0.85380E-03
  0.62500E+02  0.20360E-03  0.37386E-03  0.40879E-04  0.89324E-03  0.68386E-03 -0.33490E-03 -0.49424E-03 -0.13172E-03 -0.46704E-03 -0.90355E-03 -0.46938E-03  0.69083E-03
  0.62891E+02  0.33186E-03  0.30566E-03 -0.40372E-04  0.81604E-03  0.66189E-03 -0.18938E-03 -0.47439E-03 -0.65188E-04 -0.36315E-03 -0.85857E-03 -0.50806E-03  0.52852E-03
  0.63281E+02  0.44608E-03  0.23753E-03 -0.11538E-03  0.73141E-03  0.63107E-03 -0.51136E-04 -0.44869E-03 -0.22425E-05 -0.26073E-03 -0.80327E-03 -0.53603E-03  0.36903E-03
  0.63672E+02  0.54579E-03  0.17053E-03 -0.18343E-03  0.64117E-03  0.59248E-03  0.78026E-04 -0.41794E-03  0.56400E-04 -0.16128E-03 -0.73921E-03 -0.55361E-03  0.21427E-03
  0.64062E+02  0.63064E-03  0.10560E-03 -0.24396E-03  0.54710E-03  0.54729E-03  0.19668E-03 -0.38296E-03  0.11014E-03 -0.66114E-04 -0.66798E-03 -0.56129E-03  0.66448E-04
  0.64453E+02  0.70047E-03  0.43588E-04 -0.29657E-03  0.45091E-03  0.49665E-03  0.30374E-03 -0.34455E-03  0.15852E-03  0.23591E-04 -0.59120E-03 -0.55965E-03 -0.72247E-04
  0.64844E+02  0.75530E-03 -0.14789E-04 -0.34100E-03  0.35422E-03  0.44172E-03  0.39843E-03 -0.30352E-03  0.20118E-03  0.10683E-03 -0.51042E-03 -0.54938E-03 -0.20007E-03
  0.65234E+02  0.79530E-03 -0.68911E-04 -0.37716E-03  0.25855E-03  0.38364E-03  0.48021E-03 -0.26065E-03  0.23790E-03  0.18276E-03 -0.42717E-03 -0.53123E-03 -0.31570E-03
  0.65625E+02  0.82075E-03 -0.11826E-03 -0.40507E-03  0.16529E-03  0.32350E-03  0.54877E-03 -0.21671E-03  0.26856E-03  0.25069E-03 -0.34287E-03 -0.50602E-03 -0.41821E-03
  0.66016E+02  0.83214E-03 -0.16243E-03 -0.42489E-03  0.75717E-04  0.26236E-03  0.60399E-03 -0.17243E-03  0.29309E-03  0.31012E-03 -0.25889E-03 -0.47461E-03 -0.50702E-03
  0.66406E+02  0.83015E-03 -0.20109E-03 -0.43686E-03 -0.90015E-05  0.20125E-03  0.64595E-03 -0.12852E-03  0.31154E-03  0.36071E-03 -0.17652E-03 -0.43789E-03 -0.58183E-03
  0.66797E+02  0.81569E-03 -0.23402E-03 -0.44135E-03 -0.87865E-04  0.14114E-03  0.67489E-03 -0.85631E-04  0.32404E-03  0.40230E-03 -0.96963E-04 -0.39679E-03 -0.64257E-03
  0.67188E+02  0.78985E-03 -0.26110E-03 -0.43880E-03 -0.16004E-03  0.82903E-04  0.69122E-03 -0.44338E-04  0.33079E-03  0.43486E-03 -0.21281E-04 -0.35226E-03 -0.68930E-03
  0.67578E+02  0.75382E-03 -0.28231E-03 -0.42972E-03 -0.22489E-03  0.27325E-04  0.69556E-03 -0.51600E-05  0.33209E-03  0.45852E-03  0.49606E-04 -0.30525E-03 -0.72223E-03
  0.67969E+02  0.70889E-03 -0.29773E-03 -0.41473E-03 -0.28192E-03 -0.24919E-04  0.68865E-03  0.31460E-04  0.32830E-03  0.47352E-03  0.11494E-03 -0.25665E-03 -0.74177E-03
  0.68359E+02  0.65634E-03 -0.30752E-03 -0.39446E-03 -0.33080E-03 -0.73253E-04  0.67140E-03  0.65146E-04  0.31983E-03  0.48022E-03  0.17409E-03 -0.20735E-03 -0.74848E-03
  0.68750E+02  0.59747E-03 -0.31193E-03 -0.36959E-03 -0.37133E-03 -0.11720E-03  0.64481E-03  0.95589E-04  0.30714E-03  0.47909E-03  0.22658E-03 -0.15815E-03 -0.74313E-03
  0.69141E+02  0.53358E-03 -0.31125E-03 -0.34083E-03 -0.40348E-03 -0.15640E-03  0.60996E-03  0.12255E-03  0.29072E-03  0.47069E-03  0.27206E-03 -0.10980E-03 -0.72665E-03
  0.69531E+02  0.46595E-03 -0.30585E-03 -0.30887E-03 -0.42733E-03 -0.19056E-03  0.56796E-03  0.14586E-03  0.27107E-03  0.45564E-03  0.31031E-03 -0.62976E-04 -0.70009E-03
  0.69922E+02  0.39584E-03 -0.29611E-03 -0.27442E-03 -0.44308E-03 -0.21953E-03  0.51997E-03  0.16541E-03  0.24872E-03  0.43462E-03  0.34125E-03 -0.18293E-04 -0.66459E-03
  0.70312E+02  0.32449E-03 -0.28250E-03 -0.23817E-03 -0.45103E-03 -0.24322E-03  0.46713E-03  0.18117E-03  0.22419E-03  0.40834E-03  0.36489E-03  0.23725E-04 -0.62135E-03
  0.70703E+02  0.25307E-03 -0.26548E-03 -0.20082E-03 -0.45159E-03 -0.26162E-03  0.41059E-03  0.19315E-03  0.19801E-03  0.37756E-03  0.38138E-03  0.62622E-04 -0.57156E-03
  0.71094E+02  0.18269E-03 -0.24555E-03 -0.16301E-03 -0.44523E-03 -0.27481E-03  0.35147E-03  0.20143E-03  0.17070E-03  0.34306E-03  0.39092E-03  0.98015E-04 -0.51646E-03
  0.71484E+02  0.11434E-03 -0.22321E-03 -0.12534E-03 -0.43250E-03 -0.28292E-03  0.29085E-03  0.20614E-03  0.14274E-03  0.30562E-03  0.39381E-03  0.12960E-03 -0.45725E-03
  0.71875E+02  0.48932E-04 -0.19897E-03 -0.88388E-04 -0.41404E-03 -0.28618E-03  0.22976E-03  0.20746E-03  0.11461E-03  0.26602E-03  0.39047E-03  0.15713E-03 -0.39510E-03
  0.72266E+02 -0.12750E-04 -0.17333E-03 -0.52657E-04 -0.39053E-03 -0.28485E-03  0.16916E-03  0.20560E-03  0.86745E-04  0.22503E-03  0.38135E-03  0.18047E-03 -0.33118E-03
  0.72656E+02 -0.70022E-04 -0.14676E-03 -0.18603E-04 -0.36267E-03 -0.27928E-03  0.10997E-03  0.20082E-03  0.59551E-04  0.18334E-03  0.36701E-03  0.19954E-03 -0.26658E-03
  0.73047E+02 -0.12232E-03 -0.11973E-03  0.13374E-04 -0.33120E-03 -0.26984E-03  0.52991E-04  0.19337E-03  0.33390E-04  0.14166E-03  0.34803E-03  0.21434E-03 -0.20234E-03
  0.73438E+02 -0.16919E-03 -0.92697E-04  0.42935E-04 -0.29683E-03 -0.25694E-03 -0.10343E-05  0.18358E-03  0.85861E-05  0.10061E-03  0.32500E-03  0.22492E-03 -0.13944E-03
  0.73828E+02 -0.21028E-03 -0.66063E-04  0.69801E-04 -0.26029E-03 -0.24101E-03 -0.51476E-04  0.17173E-03 -0.14580E-04  0.60772E-04  0.29855E-03  0.23142E-03 -0.78763E-04
  0.74219E+02 -0.24537E-03 -0.40216E-04  0.93752E-04 -0.22229E-03 -0.22250E-03 -0.97800E-04  0.15817E-03 -0.35870E-04  0.22673E-04  0.26932E-03  0.23401E-03 -0.21090E-04
  0.74609E+02 -0.27432E-03 -0.15501E-04  0.11462E-03 -0.18350E-03 -0.20186E-03 -0.13957E-03  0.14321E-03 -0.55087E-04 -0.13227E-04  0.23794E-03  0.23292E-03  0.32891E-04
  0.75000E+02 -0.29709E-03  0.77738E-05  0.13231E-03 -0.14456E-03 -0.17956E-03 -0.17646E-03  0.12719E-03 -0.72085E-04 -0.46533E-04  0.20504E-03  0.22842E-03  0.82598E-04
  0.75391E+02 -0.31377E-03  0.29349E-04  0.14675E-03 -0.10610E-03 -0.15605E-03 -0.20822E-03  0.11042E-03 -0.86760E-04 -0.76911E-04  0.17123E-03  0.22080E-03  0.12755E-03
  0.75781E+02 -0.32452E-03  0.49011E-04  0.15796E-03 -0.68641E-04 -0.13177E-03 -0.23471E-03  0.93209E-04 -0.99057E-04 -0.10409E-03  0.13709E-03  0.21040E-03  0.16739E-03
  0.76172E+02 -0.32957E-03  0.66596E-04  0.16597E-03 -0.32704E-04 -0.10713E-03 -0.25589E-03  0.75848E-04 -0.10896E-03 -0.12788E-03  0.10314E-03  0.19755E-03  0.20184E-03
  0.76562E+02 -0.32924E-03  0.81979E-04  0.17091E-03  0.12651E-05 -0.82530E-04 -0.27181E-03  0.58616E-04 -0.11650E-03 -0.14813E-03  0.69911E-04  0.18263E-03  0.23076E-03
  0.76953E+02 -0.32389E-03  0.95076E-04  0.17289E-03  0.32879E-04 -0.58354E-04 -0.28257E-03  0.41769E-04 -0.12172E-03 -0.16480E-03  0.37852E-04  0.16599E-03  0.25409E-03
  0.77344E+02 -0.31394E-03  0.10584E-03  0.17210E-03  0.61813E-04 -0.34937E-04 -0.28836E-03  0.25541E-04 -0.12470E-03 -0.17786E-03  0.73790E-05  0.14799E-03  0.27185E-03
  0.77734E+02 -0.29985E-03  0.11426E-03  0.16873E-03  0.87810E-04 -0.12584E-04 -0.28945E-03  0.10138E-04 -0.12557E-03 -0.18737E-03 -0.21149E-04  0.12901E-03  0.28417E-03
  0.78125E+02 -0.28213E-03  0.12037E-03  0.16300E-03  0.11068E-03  0.84415E-05 -0.28612E-03 -0.42600E-05 -0.12446E-03 -0.19342E-03 -0.47431E-04  0.10940E-03  0.29123E-03
  0.78516E+02 -0.26128E-03  0.12422E-03  0.15515E-03  0.13028E-03  0.27910E-04 -0.27872E-03 -0.17504E-04 -0.12154E-03 -0.19616E-03 -0.71221E-04  0.89496E-04  0.29328E-03
  0.78906E+02 -0.23783E-03  0.12592E-03  0.14546E-03  0.14653E-03  0.45631E-04 -0.26766E-03 -0.29472E-04 -0.11697E-03 -0.19578E-03 -0.92322E-04  0.69626E-04  0.29064E-03
  0.79297E+02 -0.21232E-03  0.12559E-03  0.13420E-03  0.15942E-03  0.61451E-04 -0.25335E-03 -0.40068E-04 -0.11097E-03 -0.19248E-03 -0.11059E-03  0.50091E-04  0.28369E-03
  0.79688E+02 -0.18527E-03  0.12335E-03  0.12164E-03  0.16897E-03  0.75260E-04 -0.23622E-03 -0.49226E-04 -0.10371E-03 -0.18654E-03 -0.12594E-03  0.31169E-04  0.27281E-03
  0.80078E+02 -0.15719E-03  0.11939E-03  0.10806E-03  0.17527E-03  0.86985E-04 -0.21673E-03 -0.56904E-04 -0.95402E-04 -0.17821E-03 -0.13833E-03  0.13109E-04  0.25846E-03
  0.80469E+02 -0.12858E-03  0.11387E-03  0.93731E-04  0.17844E-03  0.96592E-04 -0.19534E-03 -0.63088E-04 -0.86259E-04 -0.16779E-03 -0.14778E-03 -0.38717E-05  0.24109E-03
  0.80859E+02 -0.99909E-04  0.10697E-03  0.78930E-04  0.17864E-03  0.10408E-03 -0.17251E-03 -0.67786E-04 -0.76482E-04 -0.15558E-03 -0.15434E-03 -0.19588E-04  0.22119E-03
  0.81250E+02 -0.71621E-04  0.98901E-04  0.63912E-04  0.17609E-03  0.10949E-03 -0.14867E-03 -0.71027E-04 -0.66272E-04 -0.14188E-03 -0.15811E-03 -0.33890E-04  0.19924E-03
  0.81641E+02 -0.44120E-04  0.89856E-04  0.48923E-04  0.17099E-03  0.11287E-03 -0.12426E-03 -0.72861E-04 -0.55817E-04 -0.12700E-03 -0.15922E-03 -0.46658E-04  0.17573E-03
  0.82031E+02 -0.17768E-04  0.80036E-04  0.34189E-04  0.16361E-03  0.11431E-03 -0.99683E-04 -0.73355E-04 -0.45296E-04 -0.11125E-03 -0.15783E-03 -0.57806E-04  0.15112E-03
  0.82422E+02  0.71080E-05  0.69641E-04  0.19919E-04  0.15420E-03  0.11392E-03 -0.75324E-04 -0.72597E-04 -0.34874E-04 -0.94922E-04 -0.15413E-03 -0.67278E-04  0.12587E-03
  0.82812E+02  0.30231E-04  0.58868E-04  0.63018E-05  0.14307E-03  0.11184E-03 -0.51537E-04 -0.70684E-04 -0.24704E-04 -0.78314E-04 -0.14834E-03 -0.75045E-04  0.10041E-03
  0.83203E+02  0.51367E-04  0.47904E-04 -0.64986E-05  0.13048E-03  0.10821E-03 -0.28640E-04 -0.67727E-04 -0.14924E-04 -0.61690E-04 -0.14069E-03 -0.81111E-04  0.75153E-04
  0.83594E+02  0.70332E-04  0.36926E-04 -0.18340E-04  0.11674E-03  0.10320E-03 -0.69197E-05 -0.63843E-04 -0.56560E-05 -0.45300E-04 -0.13141E-03 -0.85505E-04  0.50472E-04
  0.83984E+02  0.86985E-04  0.26102E-04 -0.29105E-04  0.10213E-03  0.96981E-04  0.13377E-04 -0.59153E-04  0.29985E-05 -0.29372E-04 -0.12077E-03 -0.88279E-04  0.26707E-04
  0.84375E+02  0.10123E-03  0.15585E-04 -0.38702E-04  0.86923E-04  0.89736E-04  0.32038E-04 -0.53784E-04  0.10952E-04 -0.14115E-04 -0.10901E-03 -0.89505E-04  0.41600E-05
  0.84766E+02  0.11303E-03  0.55142E-05 -0.47062E-04  0.71405E-04  0.81647E-04  0.48888E-04 -0.47863E-04  0.18136E-04  0.29179E-06 -0.96391E-04 -0.89273E-04 -0.16910E-04
  0.85156E+02  0.12235E-03 -0.39879E-05 -0.54138E-04  0.55831E-04  0.72896E-04  0.63790E-04 -0.41517E-04  0.24497E-04  0.13690E-04 -0.83162E-04 -0.87688E-04 -0.36282E-04
  0.85547E+02  0.12922E-03 -0.12817E-04 -0.59903E-04  0.40442E-04  0.63664E-04  0.76644E-04 -0.34872E-04  0.30003E-04  0.25948E-04 -0.69566E-04 -0.84872E-04 -0.53781E-04
  0.85938E+02  0.13372E-03 -0.20886E-04 -0.64354E-04  0.25461E-04  0.54126E-04  0.87389E-04 -0.28050E-04  0.34637E-04  0.36958E-04 -0.55835E-04 -0.80955E-04 -0.69269E-04
  0.86328E+02  0.13592E-03 -0.28126E-04 -0.67505E-04  0.11088E-04  0.44448E-04  0.95998E-04 -0.21166E-04  0.38395E-04  0.46641E-04 -0.42186E-04 -0.76074E-04 -0.82646E-04
  0.86719E+02  0.13597E-03 -0.34482E-04 -0.69394E-04 -0.25006E-05  0.34788E-04  0.10248E-03 -0.14332E-04  0.41289E-04  0.54941E-04 -0.28823E-04 -0.70368E-04 -0.93854E-04
  0.87109E+02  0.13401E-03 -0.39919E-04 -0.70073E-04 -0.15150E-04  0.25297E-04  0.10686E-03 -0.76466E-05  0.43343E-04  0.61831E-04 -0.15928E-04 -0.63980E-04 -0.10287E-03
  0.87500E+02  0.13022E-03 -0.44415E-04 -0.69612E-04 -0.26733E-04  0.16111E-04  0.10921E-03 -0.12036E-05  0.44593E-04  0.67304E-04 -0.36690E-05 -0.57050E-04 -0.10971E-03
  0.87891E+02  0.12476E-03 -0.47966E-04 -0.68096E-04 -0.37146E-04  0.73505E-05  0.10963E-03  0.49152E-05  0.45083E-04  0.71377E-04  0.78096E-05 -0.49717E-04 -0.11442E-03
  0.88281E+02  0.11786E-03 -0.50579E-04 -0.65615E-04 -0.46312E-04 -0.88101E-06  0.10822E-03  0.10638E-04  0.44864E-04  0.74089E-04  0.18385E-04 -0.42116E-04 -0.11709E-03
  0.88672E+02  0.10970E-03 -0.52276E-04 -0.62270E-04 -0.54177E-04 -0.84962E-05  0.10513E-03  0.15903E-04  0.43991E-04  0.75496E-04  0.27956E-04 -0.34380E-04 -0.11780E-03
  0.89062E+02  0.10051E-03 -0.53090E-04 -0.58170E-04 -0.60711E-04 -0.15422E-04  0.10050E-03  0.20661E-04  0.42527E-04  0.75668E-04  0.36445E-04 -0.26631E-04 -0.11669E-03
  0.89453E+02  0.90485E-04 -0.53067E-04 -0.53432E-04 -0.65906E-04 -0.21601E-04  0.94509E-04  0.24871E-04  0.40537E-04  0.74691E-04  0.43793E-04 -0.18986E-04 -0.11391E-03
  0.89844E+02  0.79846E-04 -0.52262E-04 -0.48172E-04 -0.69776E-04 -0.26988E-04  0.87322E-04  0.28506E-04  0.38090E-04  0.72663E-04  0.49966E-04 -0.11549E-04 -0.10962E-03
  0.90234E+02  0.68797E-04 -0.50739E-04 -0.42510E-04 -0.72356E-04 -0.31555E-04  0.79123E-04  0.31549E-04  0.35260E-04  0.69690E-04  0.54947E-04 -0.44135E-05 -0.10400E-03
  0.90625E+02  0.57537E-04 -0.48569E-04 -0.36562E-04 -0.73696E-04 -0.35287E-04  0.70095E-04  0.33995E-04  0.32116E-04  0.65886E-04  0.58740E-04  0.23395E-05 -0.97212E-04
  0.91016E+02  0.46256E-04 -0.45830E-04 -0.30439E-04 -0.73863E-04 -0.38184E-04  0.60423E-04  0.35848E-04  0.28730E-04  0.61369E-04  0.61366E-04  0.86412E-05 -0.89450E-04
  0.91406E+02  0.35130E-04 -0.42603E-04 -0.24248E-04 -0.72936E-04 -0.40259E-04  0.50287E-04  0.37118E-04  0.25168E-04  0.56259E-04  0.62863E-04  0.14435E-04 -0.80898E-04
  0.91797E+02  0.24320E-04 -0.38973E-04 -0.18086E-04 -0.71008E-04 -0.41535E-04  0.39865E-04  0.37825E-04  0.21495E-04  0.50677E-04  0.63282E-04  0.19675E-04 -0.71741E-04
  0.92188E+02  0.13968E-04 -0.35020E-04 -0.12044E-04 -0.68174E-04 -0.42049E-04  0.29329E-04  0.37995E-04  0.17774E-04  0.44742E-04  0.62687E-04  0.24326E-04 -0.62159E-04
  0.92578E+02  0.41999E-05 -0.30826E-04 -0.62041E-05 -0.64540E-04 -0.41842E-04  0.18839E-04  0.37660E-04  0.14062E-04  0.38573E-04  0.61154E-04  0.28362E-04 -0.52327E-04
  0.92969E+02 -0.48770E-05 -0.26469E-04 -0.63836E-06 -0.60216E-04 -0.40966E-04  0.85458E-05  0.36861E-04  0.10413E-04  0.32287E-04  0.58768E-04  0.31773E-04 -0.42414E-04
  0.93359E+02 -0.13173E-04 -0.22027E-04  0.45882E-05 -0.55315E-04 -0.39479E-04 -0.14141E-05  0.35641E-04  0.68733E-05  0.25995E-04  0.55625E-04  0.34558E-04 -0.32578E-04
  0.93750E+02 -0.20617E-04 -0.17572E-04  0.94192E-05 -0.49948E-04 -0.37445E-04 -0.10918E-04  0.34050E-04  0.34876E-05  0.19800E-04  0.51823E-04  0.36724E-04 -0.22966E-04
  0.94141E+02 -0.27155E-04 -0.13175E-04  0.13809E-04 -0.44229E-04 -0.34934E-04 -0.19856E-04  0.32140E-04  0.29354E-06  0.13794E-04  0.47468E-04  0.38284E-04 -0.13711E-04
  0.94531E+02 -0.32749E-04 -0.88983E-05  0.17724E-04 -0.38269E-04 -0.32019E-04 -0.28136E-04  0.29965E-04 -0.26766E-05  0.80621E-05  0.42666E-04  0.39253E-04 -0.49311E-05
  0.94922E+02 -0.37380E-04 -0.47990E-05  0.21147E-04 -0.32174E-04 -0.28775E-04 -0.35684E-04  0.27580E-04 -0.53957E-05  0.26752E-05  0.37522E-04  0.39653E-04  0.32724E-05
  0.95312E+02 -0.41047E-04 -0.92572E-06  0.24071E-04 -0.26045E-04 -0.25275E-04 -0.42440E-04  0.25039E-04 -0.78412E-05 -0.23039E-05  0.32139E-04  0.39513E-04  0.10812E-04
  0.95703E+02 -0.43759E-04  0.26812E-05  0.26499E-04 -0.19973E-04 -0.21595E-04 -0.48359E-04  0.22392E-04 -0.99954E-05 -0.68232E-05  0.26618E-04  0.38873E-04  0.17614E-04
  0.96094E+02 -0.45543E-04  0.59881E-05  0.28441E-04 -0.14043E-04 -0.17807E-04 -0.53410E-04  0.19692E-04 -0.11846E-04 -0.10843E-04  0.21054E-04  0.37778E-04  0.23622E-04
  0.96484E+02 -0.46436E-04  0.89676E-05  0.29913E-04 -0.83306E-05 -0.13978E-04 -0.57578E-04  0.16984E-04 -0.13386E-04 -0.14334E-04  0.15536E-04  0.36273E-04  0.28792E-04
  0.96875E+02 -0.46491E-04  0.11597E-04  0.30938E-04 -0.29045E-05 -0.10172E-04 -0.60859E-04  0.14314E-04 -0.14616E-04 -0.17279E-04  0.10145E-04  0.34407E-04  0.33100E-04
  0.97266E+02 -0.45767E-04  0.13860E-04  0.31548E-04  0.21754E-05 -0.64478E-05 -0.63266E-04  0.11722E-04 -0.15536E-04 -0.19668E-04  0.49533E-05  0.32225E-04  0.36533E-04
  0.97656E+02 -0.44334E-04  0.15748E-04  0.31780E-04  0.68573E-05 -0.28586E-05 -0.64823E-04  0.92422E-05 -0.16152E-04 -0.21502E-04  0.26256E-07  0.29779E-04  0.39096E-04
  0.98047E+02 -0.42272E-04  0.17257E-04  0.31673E-04  0.11099E-04  0.54868E-06 -0.65564E-04  0.69031E-05 -0.16473E-04 -0.22787E-04 -0.45788E-05  0.27117E-04  0.40807E-04
  0.98438E+02 -0.39664E-04  0.18386E-04  0.31272E-04  0.14868E-04  0.37356E-05 -0.65534E-04  0.47284E-05 -0.16512E-04 -0.23540E-04 -0.88131E-05  0.24285E-04  0.41697E-04
  0.98828E+02 -0.36600E-04  0.19137E-04  0.30613E-04  0.18139E-04  0.66727E-05 -0.64788E-04  0.27381E-05 -0.16284E-04 -0.23785E-04 -0.12636E-04  0.21331E-04  0.41811E-04
  0.99219E+02 -0.33173E-04  0.19515E-04  0.29744E-04  0.20898E-04  0.93367E-05 -0.63384E-04  0.94783E-06 -0.15806E-04 -0.23554E-04 -0.16017E-04  0.18295E-04  0.41202E-04
  0.99609E+02 -0.29478E-04  0.19537E-04  0.28675E-04  0.23138E-04  0.11713E-04 -0.61387E-04 -0.63128E-06 -0.15099E-04 -0.22880E-04 -0.18930E-04  0.15225E-04  0.39937E-04
