000001 50.00000 0.00000 0.05000 0.00000 90.00000 0.00000
000002 50.00000 1.00000 0.05000 0.00000 90.00000 0.00000
000003 50.00000 2.00000 0.05000 0.00000 90.00000 0.00000
000004 50.00000 3.00000 0.05000 0.00000 90.00000 0.00000
000005 50.00000 4.00000 0.05000 0.00000 90.00000 0.00000
000006 50.00000 5.00000 0.05000 0.00000 90.00000 0.00000
000007 50.00000 6.00000 0.05000 0.00000 90.00000 0.00000
000008 50.00000 7.00000 0.05000 0.00000 90.00000 0.00000
000009 50.00000 8.00000 0.05000 0.00000 90.00000 0.00000
000010 50.00000 9.00000 0.05000 0.00000 90.00000 0.00000
000011 50.00000 10.00000 0.05000 0.00000 90.00000 0.00000
000012 50.00000 11.00000 0.05000 0.00000 90.00000 0.00000
000013 50.00000 12.00000 0.05000 0.00000 90.00000 0.00000
000014 50.00000 13.00000 0.05000 0.00000 90.00000 0.00000
000015 50.00000 14.00000 0.05000 0.00000 90.00000 0.00000
000016 50.00000 15.00000 0.05000 0.00000 90.00000 0.00000
000017 50.00000 16.00000 0.05000 0.00000 90.00000 0.00000
000018 50.00000 17.00000 0.05000 0.00000 90.00000 0.00000
000019 50.00000 18.00000 0.05000 0.00000 90.00000 0.00000
000020 50.00000 19.00000 0.05000 0.00000 90.00000 0.00000
000021 50.00000 20.00000 0.05000 0.00000 90.00000 0.00000
000022 50.00000 21.00000 0.05000 0.00000 90.00000 0.00000
000023 50.00000 22.00000 0.05000 0.00000 90.00000 0.00000
000024 50.00000 23.00000 0.05000 0.00000 90.00000 0.00000
000025 50.00000 24.00000 0.05000 0.00000 90.00000 0.00000
000026 50.00000 25.00000 0.05000 0.00000 90.00000 0.00000
000027 50.00000 26.00000 0.05000 0.00000 90.00000 0.00000
000028 50.00000 27.00000 0.05000 0.00000 90.00000 0.00000
000029 50.00000 28.00000 0.05000 0.00000 90.00000 0.00000
000030 50.00000 29.00000 0.05000 0.00000 90.00000 0.00000
000031 50.00000 30.00000 0.05000 0.00000 90.00000 0.00000
000032 50.00000 31.00000 0.05000 0.00000 90.00000 0.00000
000033 50.00000 32.00000 0.05000 0.00000 90.00000 0.00000
000034 50.00000 33.00000 0.05000 0.00000 90.00000 0.00000
000035 50.00000 34.00000 0.05000 0.00000 90.00000 0.00000
000036 50.00000 35.00000 0.05000 0.00000 90.00000 0.00000
000037 50.00000 36.00000 0.05000 0.00000 90.00000 0.00000
000038 50.00000 37.00000 0.05000 0.00000 90.00000 0.00000
000039 50.00000 38.00000 0.05000 0.00000 90.00000 0.00000
000040 50.00000 39.00000 0.05000 0.00000 90.00000 0.00000
000041 50.00000 40.00000 0.05000 0.00000 90.00000 0.00000
000042 50.00000 41.00000 0.05000 0.00000 90.00000 0.00000
000043 50.00000 42.00000 0.05000 0.00000 90.00000 0.00000
000044 50.00000 43.00000 0.05000 0.00000 90.00000 0.00000
000045 50.00000 44.00000 0.05000 0.00000 90.00000 0.00000
000046 50.00000 45.00000 0.05000 0.00000 90.00000 0.00000
000047 50.00000 46.00000 0.05000 0.00000 90.00000 0.00000
000048 50.00000 47.00000 0.05000 0.00000 90.00000 0.00000
000049 50.00000 48.00000 0.05000 0.00000 90.00000 0.00000
000050 50.00000 49.00000 0.05000 0.00000 90.00000 0.00000
000051 50.00000 50.00000 0.05000 0.00000 90.00000 0.00000
000052 50.00000 51.00000 0.05000 0.00000 90.00000 0.00000
000053 50.00000 52.00000 0.05000 0.00000 90.00000 0.00000
000054 50.00000 53.00000 0.05000 0.00000 90.00000 0.00000
000055 50.00000 54.00000 0.05000 0.00000 90.00000 0.00000
000056 50.00000 55.00000 0.05000 0.00000 90.00000 0.00000
000057 50.00000 56.00000 0.05000 0.00000 90.00000 0.00000
000058 50.00000 57.00000 0.05000 0.00000 90.00000 0.00000
000059 50.00000 58.00000 0.05000 0.00000 90.00000 0.00000
000060 50.00000 59.00000 0.05000 0.00000 90.00000 0.00000
000061 50.00000 60.00000 0.05000 0.00000 90.00000 0.00000
000062 50.00000 61.00000 0.05000 0.00000 90.00000 0.00000
000063 50.00000 62.00000 0.05000 0.00000 90.00000 0.00000
000064 50.00000 63.00000 0.05000 0.00000 90.00000 0.00000
000065 50.00000 64.00000 0.05000 0.00000 90.00000 0.00000
000066 50.00000 65.00000 0.05000 0.00000 90.00000 0.00000
000067 50.00000 66.00000 0.05000 0.00000 90.00000 0.00000
000068 50.00000 67.00000 0.05000 0.00000 90.00000 0.00000
000069 50.00000 68.00000 0.05000 0.00000 90.00000 0.00000
000070 50.00000 69.00000 0.05000 0.00000 90.00000 0.00000
000071 50.00000 70.00000 0.05000 0.00000 90.00000 0.00000
000072 50.00000 71.00000 0.05000 0.00000 90.00000 0.00000
000073 50.00000 72.00000 0.05000 0.00000 90.00000 0.00000
000074 50.00000 73.00000 0.05000 0.00000 90.00000 0.00000
000075 50.00000 74.00000 0.05000 0.00000 90.00000 0.00000
000076 50.00000 75.00000 0.05000 0.00000 90.00000 0.00000
000077 50.00000 76.00000 0.05000 0.00000 90.00000 0.00000
000078 50.00000 77.00000 0.05000 0.00000 90.00000 0.00000
000079 50.00000 78.00000 0.05000 0.00000 90.00000 0.00000
000080 50.00000 79.00000 0.05000 0.00000 90.00000 0.00000
000081 50.00000 80.00000 0.05000 0.00000 90.00000 0.00000
000082 50.00000 81.00000 0.05000 0.00000 90.00000 0.00000
000083 50.00000 82.00000 0.05000 0.00000 90.00000 0.00000
000084 50.00000 83.00000 0.05000 0.00000 90.00000 0.00000
000085 50.00000 84.00000 0.05000 0.00000 90.00000 0.00000
000086 50.00000 85.00000 0.05000 0.00000 90.00000 0.00000
000087 50.00000 86.00000 0.05000 0.00000 90.00000 0.00000
000088 50.00000 87.00000 0.05000 0.00000 90.00000 0.00000
000089 50.00000 88.00000 0.05000 0.00000 90.00000 0.00000
000090 50.00000 89.00000 0.05000 0.00000 90.00000 0.00000
000091 50.00000 90.00000 0.05000 0.00000 90.00000 0.00000
000092 50.00000 91.00000 0.05000 0.00000 90.00000 0.00000
000093 50.00000 92.00000 0.05000 0.00000 90.00000 0.00000
000094 50.00000 93.00000 0.05000 0.00000 90.00000 0.00000
000095 50.00000 94.00000 0.05000 0.00000 90.00000 0.00000
000096 50.00000 95.00000 0.05000 0.00000 90.00000 0.00000
000097 50.00000 96.00000 0.05000 0.00000 90.00000 0.00000
000098 50.00000 97.00000 0.05000 0.00000 90.00000 0.00000
000099 50.00000 98.00000 0.05000 0.00000 90.00000 0.00000
000100 50.00000 99.00000 0.05000 0.00000 90.00000 0.00000
000101 50.00000 100.00000 0.05000 0.00000 90.00000 0.00000
000102 50.00000 0.00000 1.05000 0.00000 90.00000 0.00000
000103 50.00000 1.00000 1.05000 0.00000 90.00000 0.00000
000104 50.00000 2.00000 1.05000 0.00000 90.00000 0.00000
000105 50.00000 3.00000 1.05000 0.00000 90.00000 0.00000
000106 50.00000 4.00000 1.05000 0.00000 90.00000 0.00000
000107 50.00000 5.00000 1.05000 0.00000 90.00000 0.00000
000108 50.00000 6.00000 1.05000 0.00000 90.00000 0.00000
000109 50.00000 7.00000 1.05000 0.00000 90.00000 0.00000
000110 50.00000 8.00000 1.05000 0.00000 90.00000 0.00000
000111 50.00000 9.00000 1.05000 0.00000 90.00000 0.00000
000112 50.00000 10.00000 1.05000 0.00000 90.00000 0.00000
000113 50.00000 11.00000 1.05000 0.00000 90.00000 0.00000
000114 50.00000 12.00000 1.05000 0.00000 90.00000 0.00000
000115 50.00000 13.00000 1.05000 0.00000 90.00000 0.00000
000116 50.00000 14.00000 1.05000 0.00000 90.00000 0.00000
000117 50.00000 15.00000 1.05000 0.00000 90.00000 0.00000
000118 50.00000 16.00000 1.05000 0.00000 90.00000 0.00000
000119 50.00000 17.00000 1.05000 0.00000 90.00000 0.00000
000120 50.00000 18.00000 1.05000 0.00000 90.00000 0.00000
000121 50.00000 19.00000 1.05000 0.00000 90.00000 0.00000
000122 50.00000 20.00000 1.05000 0.00000 90.00000 0.00000
000123 50.00000 21.00000 1.05000 0.00000 90.00000 0.00000
000124 50.00000 22.00000 1.05000 0.00000 90.00000 0.00000
000125 50.00000 23.00000 1.05000 0.00000 90.00000 0.00000
000126 50.00000 24.00000 1.05000 0.00000 90.00000 0.00000
000127 50.00000 25.00000 1.05000 0.00000 90.00000 0.00000
000128 50.00000 26.00000 1.05000 0.00000 90.00000 0.00000
000129 50.00000 27.00000 1.05000 0.00000 90.00000 0.00000
000130 50.00000 28.00000 1.05000 0.00000 90.00000 0.00000
000131 50.00000 29.00000 1.05000 0.00000 90.00000 0.00000
000132 50.00000 30.00000 1.05000 0.00000 90.00000 0.00000
000133 50.00000 31.00000 1.05000 0.00000 90.00000 0.00000
000134 50.00000 32.00000 1.05000 0.00000 90.00000 0.00000
000135 50.00000 33.00000 1.05000 0.00000 90.00000 0.00000
000136 50.00000 34.00000 1.05000 0.00000 90.00000 0.00000
000137 50.00000 35.00000 1.05000 0.00000 90.00000 0.00000
000138 50.00000 36.00000 1.05000 0.00000 90.00000 0.00000
000139 50.00000 37.00000 1.05000 0.00000 90.00000 0.00000
000140 50.00000 38.00000 1.05000 0.00000 90.00000 0.00000
000141 50.00000 39.00000 1.05000 0.00000 90.00000 0.00000
000142 50.00000 40.00000 1.05000 0.00000 90.00000 0.00000
000143 50.00000 41.00000 1.05000 0.00000 90.00000 0.00000
000144 50.00000 42.00000 1.05000 0.00000 90.00000 0.00000
000145 50.00000 43.00000 1.05000 0.00000 90.00000 0.00000
000146 50.00000 44.00000 1.05000 0.00000 90.00000 0.00000
000147 50.00000 45.00000 1.05000 0.00000 90.00000 0.00000
000148 50.00000 46.00000 1.05000 0.00000 90.00000 0.00000
000149 50.00000 47.00000 1.05000 0.00000 90.00000 0.00000
000150 50.00000 48.00000 1.05000 0.00000 90.00000 0.00000
000151 50.00000 49.00000 1.05000 0.00000 90.00000 0.00000
000152 50.00000 50.00000 1.05000 0.00000 90.00000 0.00000
000153 50.00000 51.00000 1.05000 0.00000 90.00000 0.00000
000154 50.00000 52.00000 1.05000 0.00000 90.00000 0.00000
000155 50.00000 53.00000 1.05000 0.00000 90.00000 0.00000
000156 50.00000 54.00000 1.05000 0.00000 90.00000 0.00000
000157 50.00000 55.00000 1.05000 0.00000 90.00000 0.00000
000158 50.00000 56.00000 1.05000 0.00000 90.00000 0.00000
000159 50.00000 57.00000 1.05000 0.00000 90.00000 0.00000
000160 50.00000 58.00000 1.05000 0.00000 90.00000 0.00000
000161 50.00000 59.00000 1.05000 0.00000 90.00000 0.00000
000162 50.00000 60.00000 1.05000 0.00000 90.00000 0.00000
000163 50.00000 61.00000 1.05000 0.00000 90.00000 0.00000
000164 50.00000 62.00000 1.05000 0.00000 90.00000 0.00000
000165 50.00000 63.00000 1.05000 0.00000 90.00000 0.00000
000166 50.00000 64.00000 1.05000 0.00000 90.00000 0.00000
000167 50.00000 65.00000 1.05000 0.00000 90.00000 0.00000
000168 50.00000 66.00000 1.05000 0.00000 90.00000 0.00000
000169 50.00000 67.00000 1.05000 0.00000 90.00000 0.00000
000170 50.00000 68.00000 1.05000 0.00000 90.00000 0.00000
000171 50.00000 69.00000 1.05000 0.00000 90.00000 0.00000
000172 50.00000 70.00000 1.05000 0.00000 90.00000 0.00000
000173 50.00000 71.00000 1.05000 0.00000 90.00000 0.00000
000174 50.00000 72.00000 1.05000 0.00000 90.00000 0.00000
000175 50.00000 73.00000 1.05000 0.00000 90.00000 0.00000
000176 50.00000 74.00000 1.05000 0.00000 90.00000 0.00000
000177 50.00000 75.00000 1.05000 0.00000 90.00000 0.00000
000178 50.00000 76.00000 1.05000 0.00000 90.00000 0.00000
000179 50.00000 77.00000 1.05000 0.00000 90.00000 0.00000
000180 50.00000 78.00000 1.05000 0.00000 90.00000 0.00000
000181 50.00000 79.00000 1.05000 0.00000 90.00000 0.00000
000182 50.00000 80.00000 1.05000 0.00000 90.00000 0.00000
000183 50.00000 81.00000 1.05000 0.00000 90.00000 0.00000
000184 50.00000 82.00000 1.05000 0.00000 90.00000 0.00000
000185 50.00000 83.00000 1.05000 0.00000 90.00000 0.00000
000186 50.00000 84.00000 1.05000 0.00000 90.00000 0.00000
000187 50.00000 85.00000 1.05000 0.00000 90.00000 0.00000
000188 50.00000 86.00000 1.05000 0.00000 90.00000 0.00000
000189 50.00000 87.00000 1.05000 0.00000 90.00000 0.00000
000190 50.00000 88.00000 1.05000 0.00000 90.00000 0.00000
000191 50.00000 89.00000 1.05000 0.00000 90.00000 0.00000
000192 50.00000 90.00000 1.05000 0.00000 90.00000 0.00000
000193 50.00000 91.00000 1.05000 0.00000 90.00000 0.00000
000194 50.00000 92.00000 1.05000 0.00000 90.00000 0.00000
000195 50.00000 93.00000 1.05000 0.00000 90.00000 0.00000
000196 50.00000 94.00000 1.05000 0.00000 90.00000 0.00000
000197 50.00000 95.00000 1.05000 0.00000 90.00000 0.00000
000198 50.00000 96.00000 1.05000 0.00000 90.00000 0.00000
000199 50.00000 97.00000 1.05000 0.00000 90.00000 0.00000
000200 50.00000 98.00000 1.05000 0.00000 90.00000 0.00000
000201 50.00000 99.00000 1.05000 0.00000 90.00000 0.00000
000202 50.00000 100.00000 1.05000 0.00000 90.00000 0.00000
000203 50.00000 0.00000 2.05000 0.00000 90.00000 0.00000
000204 50.00000 1.00000 2.05000 0.00000 90.00000 0.00000
000205 50.00000 2.00000 2.05000 0.00000 90.00000 0.00000
000206 50.00000 3.00000 2.05000 0.00000 90.00000 0.00000
000207 50.00000 4.00000 2.05000 0.00000 90.00000 0.00000
000208 50.00000 5.00000 2.05000 0.00000 90.00000 0.00000
000209 50.00000 6.00000 2.05000 0.00000 90.00000 0.00000
000210 50.00000 7.00000 2.05000 0.00000 90.00000 0.00000
000211 50.00000 8.00000 2.05000 0.00000 90.00000 0.00000
000212 50.00000 9.00000 2.05000 0.00000 90.00000 0.00000
000213 50.00000 10.00000 2.05000 0.00000 90.00000 0.00000
000214 50.00000 11.00000 2.05000 0.00000 90.00000 0.00000
000215 50.00000 12.00000 2.05000 0.00000 90.00000 0.00000
000216 50.00000 13.00000 2.05000 0.00000 90.00000 0.00000
000217 50.00000 14.00000 2.05000 0.00000 90.00000 0.00000
000218 50.00000 15.00000 2.05000 0.00000 90.00000 0.00000
000219 50.00000 16.00000 2.05000 0.00000 90.00000 0.00000
000220 50.00000 17.00000 2.05000 0.00000 90.00000 0.00000
000221 50.00000 18.00000 2.05000 0.00000 90.00000 0.00000
000222 50.00000 19.00000 2.05000 0.00000 90.00000 0.00000
000223 50.00000 20.00000 2.05000 0.00000 90.00000 0.00000
000224 50.00000 21.00000 2.05000 0.00000 90.00000 0.00000
000225 50.00000 22.00000 2.05000 0.00000 90.00000 0.00000
000226 50.00000 23.00000 2.05000 0.00000 90.00000 0.00000
000227 50.00000 24.00000 2.05000 0.00000 90.00000 0.00000
000228 50.00000 25.00000 2.05000 0.00000 90.00000 0.00000
000229 50.00000 26.00000 2.05000 0.00000 90.00000 0.00000
000230 50.00000 27.00000 2.05000 0.00000 90.00000 0.00000
000231 50.00000 28.00000 2.05000 0.00000 90.00000 0.00000
000232 50.00000 29.00000 2.05000 0.00000 90.00000 0.00000
000233 50.00000 30.00000 2.05000 0.00000 90.00000 0.00000
000234 50.00000 31.00000 2.05000 0.00000 90.00000 0.00000
000235 50.00000 32.00000 2.05000 0.00000 90.00000 0.00000
000236 50.00000 33.00000 2.05000 0.00000 90.00000 0.00000
000237 50.00000 34.00000 2.05000 0.00000 90.00000 0.00000
000238 50.00000 35.00000 2.05000 0.00000 90.00000 0.00000
000239 50.00000 36.00000 2.05000 0.00000 90.00000 0.00000
000240 50.00000 37.00000 2.05000 0.00000 90.00000 0.00000
000241 50.00000 38.00000 2.05000 0.00000 90.00000 0.00000
000242 50.00000 39.00000 2.05000 0.00000 90.00000 0.00000
000243 50.00000 40.00000 2.05000 0.00000 90.00000 0.00000
000244 50.00000 41.00000 2.05000 0.00000 90.00000 0.00000
000245 50.00000 42.00000 2.05000 0.00000 90.00000 0.00000
000246 50.00000 43.00000 2.05000 0.00000 90.00000 0.00000
000247 50.00000 44.00000 2.05000 0.00000 90.00000 0.00000
000248 50.00000 45.00000 2.05000 0.00000 90.00000 0.00000
000249 50.00000 46.00000 2.05000 0.00000 90.00000 0.00000
000250 50.00000 47.00000 2.05000 0.00000 90.00000 0.00000
000251 50.00000 48.00000 2.05000 0.00000 90.00000 0.00000
000252 50.00000 49.00000 2.05000 0.00000 90.00000 0.00000
000253 50.00000 50.00000 2.05000 0.00000 90.00000 0.00000
000254 50.00000 51.00000 2.05000 0.00000 90.00000 0.00000
000255 50.00000 52.00000 2.05000 0.00000 90.00000 0.00000
000256 50.00000 53.00000 2.05000 0.00000 90.00000 0.00000
000257 50.00000 54.00000 2.05000 0.00000 90.00000 0.00000
000258 50.00000 55.00000 2.05000 0.00000 90.00000 0.00000
000259 50.00000 56.00000 2.05000 0.00000 90.00000 0.00000
000260 50.00000 57.00000 2.05000 0.00000 90.00000 0.00000
000261 50.00000 58.00000 2.05000 0.00000 90.00000 0.00000
000262 50.00000 59.00000 2.05000 0.00000 90.00000 0.00000
000263 50.00000 60.00000 2.05000 0.00000 90.00000 0.00000
000264 50.00000 61.00000 2.05000 0.00000 90.00000 0.00000
000265 50.00000 62.00000 2.05000 0.00000 90.00000 0.00000
000266 50.00000 63.00000 2.05000 0.00000 90.00000 0.00000
000267 50.00000 64.00000 2.05000 0.00000 90.00000 0.00000
000268 50.00000 65.00000 2.05000 0.00000 90.00000 0.00000
000269 50.00000 66.00000 2.05000 0.00000 90.00000 0.00000
000270 50.00000 67.00000 2.05000 0.00000 90.00000 0.00000
000271 50.00000 68.00000 2.05000 0.00000 90.00000 0.00000
000272 50.00000 69.00000 2.05000 0.00000 90.00000 0.00000
000273 50.00000 70.00000 2.05000 0.00000 90.00000 0.00000
000274 50.00000 71.00000 2.05000 0.00000 90.00000 0.00000
000275 50.00000 72.00000 2.05000 0.00000 90.00000 0.00000
000276 50.00000 73.00000 2.05000 0.00000 90.00000 0.00000
000277 50.00000 74.00000 2.05000 0.00000 90.00000 0.00000
000278 50.00000 75.00000 2.05000 0.00000 90.00000 0.00000
000279 50.00000 76.00000 2.05000 0.00000 90.00000 0.00000
000280 50.00000 77.00000 2.05000 0.00000 90.00000 0.00000
000281 50.00000 78.00000 2.05000 0.00000 90.00000 0.00000
000282 50.00000 79.00000 2.05000 0.00000 90.00000 0.00000
000283 50.00000 80.00000 2.05000 0.00000 90.00000 0.00000
000284 50.00000 81.00000 2.05000 0.00000 90.00000 0.00000
000285 50.00000 82.00000 2.05000 0.00000 90.00000 0.00000
000286 50.00000 83.00000 2.05000 0.00000 90.00000 0.00000
000287 50.00000 84.00000 2.05000 0.00000 90.00000 0.00000
000288 50.00000 85.00000 2.05000 0.00000 90.00000 0.00000
000289 50.00000 86.00000 2.05000 0.00000 90.00000 0.00000
000290 50.00000 87.00000 2.05000 0.00000 90.00000 0.00000
000291 50.00000 88.00000 2.05000 0.00000 90.00000 0.00000
000292 50.00000 89.00000 2.05000 0.00000 90.00000 0.00000
000293 50.00000 90.00000 2.05000 0.00000 90.00000 0.00000
000294 50.00000 91.00000 2.05000 0.00000 90.00000 0.00000
000295 50.00000 92.00000 2.05000 0.00000 90.00000 0.00000
000296 50.00000 93.00000 2.05000 0.00000 90.00000 0.00000
000297 50.00000 94.00000 2.05000 0.00000 90.00000 0.00000
000298 50.00000 95.00000 2.05000 0.00000 90.00000 0.00000
000299 50.00000 96.00000 2.05000 0.00000 90.00000 0.00000
000300 50.00000 97.00000 2.05000 0.00000 90.00000 0.00000
000301 50.00000 98.00000 2.05000 0.00000 90.00000 0.00000
000302 50.00000 99.00000 2.05000 0.00000 90.00000 0.00000
000303 50.00000 100.00000 2.05000 0.00000 90.00000 0.00000
000304 50.00000 0.00000 3.05000 0.00000 90.00000 0.00000
000305 50.00000 1.00000 3.05000 0.00000 90.00000 0.00000
000306 50.00000 2.00000 3.05000 0.00000 90.00000 0.00000
000307 50.00000 3.00000 3.05000 0.00000 90.00000 0.00000
000308 50.00000 4.00000 3.05000 0.00000 90.00000 0.00000
000309 50.00000 5.00000 3.05000 0.00000 90.00000 0.00000
000310 50.00000 6.00000 3.05000 0.00000 90.00000 0.00000
000311 50.00000 7.00000 3.05000 0.00000 90.00000 0.00000
000312 50.00000 8.00000 3.05000 0.00000 90.00000 0.00000
000313 50.00000 9.00000 3.05000 0.00000 90.00000 0.00000
000314 50.00000 10.00000 3.05000 0.00000 90.00000 0.00000
000315 50.00000 11.00000 3.05000 0.00000 90.00000 0.00000
000316 50.00000 12.00000 3.05000 0.00000 90.00000 0.00000
000317 50.00000 13.00000 3.05000 0.00000 90.00000 0.00000
000318 50.00000 14.00000 3.05000 0.00000 90.00000 0.00000
000319 50.00000 15.00000 3.05000 0.00000 90.00000 0.00000
000320 50.00000 16.00000 3.05000 0.00000 90.00000 0.00000
000321 50.00000 17.00000 3.05000 0.00000 90.00000 0.00000
000322 50.00000 18.00000 3.05000 0.00000 90.00000 0.00000
000323 50.00000 19.00000 3.05000 0.00000 90.00000 0.00000
000324 50.00000 20.00000 3.05000 0.00000 90.00000 0.00000
000325 50.00000 21.00000 3.05000 0.00000 90.00000 0.00000
000326 50.00000 22.00000 3.05000 0.00000 90.00000 0.00000
000327 50.00000 23.00000 3.05000 0.00000 90.00000 0.00000
000328 50.00000 24.00000 3.05000 0.00000 90.00000 0.00000
000329 50.00000 25.00000 3.05000 0.00000 90.00000 0.00000
000330 50.00000 26.00000 3.05000 0.00000 90.00000 0.00000
000331 50.00000 27.00000 3.05000 0.00000 90.00000 0.00000
000332 50.00000 28.00000 3.05000 0.00000 90.00000 0.00000
000333 50.00000 29.00000 3.05000 0.00000 90.00000 0.00000
000334 50.00000 30.00000 3.05000 0.00000 90.00000 0.00000
000335 50.00000 31.00000 3.05000 0.00000 90.00000 0.00000
000336 50.00000 32.00000 3.05000 0.00000 90.00000 0.00000
000337 50.00000 33.00000 3.05000 0.00000 90.00000 0.00000
000338 50.00000 34.00000 3.05000 0.00000 90.00000 0.00000
000339 50.00000 35.00000 3.05000 0.00000 90.00000 0.00000
000340 50.00000 36.00000 3.05000 0.00000 90.00000 0.00000
000341 50.00000 37.00000 3.05000 0.00000 90.00000 0.00000
000342 50.00000 38.00000 3.05000 0.00000 90.00000 0.00000
000343 50.00000 39.00000 3.05000 0.00000 90.00000 0.00000
000344 50.00000 40.00000 3.05000 0.00000 90.00000 0.00000
000345 50.00000 41.00000 3.05000 0.00000 90.00000 0.00000
000346 50.00000 42.00000 3.05000 0.00000 90.00000 0.00000
000347 50.00000 43.00000 3.05000 0.00000 90.00000 0.00000
000348 50.00000 44.00000 3.05000 0.00000 90.00000 0.00000
000349 50.00000 45.00000 3.05000 0.00000 90.00000 0.00000
000350 50.00000 46.00000 3.05000 0.00000 90.00000 0.00000
000351 50.00000 47.00000 3.05000 0.00000 90.00000 0.00000
000352 50.00000 48.00000 3.05000 0.00000 90.00000 0.00000
000353 50.00000 49.00000 3.05000 0.00000 90.00000 0.00000
000354 50.00000 50.00000 3.05000 0.00000 90.00000 0.00000
000355 50.00000 51.00000 3.05000 0.00000 90.00000 0.00000
000356 50.00000 52.00000 3.05000 0.00000 90.00000 0.00000
000357 50.00000 53.00000 3.05000 0.00000 90.00000 0.00000
000358 50.00000 54.00000 3.05000 0.00000 90.00000 0.00000
000359 50.00000 55.00000 3.05000 0.00000 90.00000 0.00000
000360 50.00000 56.00000 3.05000 0.00000 90.00000 0.00000
000361 50.00000 57.00000 3.05000 0.00000 90.00000 0.00000
000362 50.00000 58.00000 3.05000 0.00000 90.00000 0.00000
000363 50.00000 59.00000 3.05000 0.00000 90.00000 0.00000
000364 50.00000 60.00000 3.05000 0.00000 90.00000 0.00000
000365 50.00000 61.00000 3.05000 0.00000 90.00000 0.00000
000366 50.00000 62.00000 3.05000 0.00000 90.00000 0.00000
000367 50.00000 63.00000 3.05000 0.00000 90.00000 0.00000
000368 50.00000 64.00000 3.05000 0.00000 90.00000 0.00000
000369 50.00000 65.00000 3.05000 0.00000 90.00000 0.00000
000370 50.00000 66.00000 3.05000 0.00000 90.00000 0.00000
000371 50.00000 67.00000 3.05000 0.00000 90.00000 0.00000
000372 50.00000 68.00000 3.05000 0.00000 90.00000 0.00000
000373 50.00000 69.00000 3.05000 0.00000 90.00000 0.00000
000374 50.00000 70.00000 3.05000 0.00000 90.00000 0.00000
000375 50.00000 71.00000 3.05000 0.00000 90.00000 0.00000
000376 50.00000 72.00000 3.05000 0.00000 90.00000 0.00000
000377 50.00000 73.00000 3.05000 0.00000 90.00000 0.00000
000378 50.00000 74.00000 3.05000 0.00000 90.00000 0.00000
000379 50.00000 75.00000 3.05000 0.00000 90.00000 0.00000
000380 50.00000 76.00000 3.05000 0.00000 90.00000 0.00000
000381 50.00000 77.00000 3.05000 0.00000 90.00000 0.00000
000382 50.00000 78.00000 3.05000 0.00000 90.00000 0.00000
000383 50.00000 79.00000 3.05000 0.00000 90.00000 0.00000
000384 50.00000 80.00000 3.05000 0.00000 90.00000 0.00000
000385 50.00000 81.00000 3.05000 0.00000 90.00000 0.00000
000386 50.00000 82.00000 3.05000 0.00000 90.00000 0.00000
000387 50.00000 83.00000 3.05000 0.00000 90.00000 0.00000
000388 50.00000 84.00000 3.05000 0.00000 90.00000 0.00000
000389 50.00000 85.00000 3.05000 0.00000 90.00000 0.00000
000390 50.00000 86.00000 3.05000 0.00000 90.00000 0.00000
000391 50.00000 87.00000 3.05000 0.00000 90.00000 0.00000
000392 50.00000 88.00000 3.05000 0.00000 90.00000 0.00000
000393 50.00000 89.00000 3.05000 0.00000 90.00000 0.00000
000394 50.00000 90.00000 3.05000 0.00000 90.00000 0.00000
000395 50.00000 91.00000 3.05000 0.00000 90.00000 0.00000
000396 50.00000 92.00000 3.05000 0.00000 90.00000 0.00000
000397 50.00000 93.00000 3.05000 0.00000 90.00000 0.00000
000398 50.00000 94.00000 3.05000 0.00000 90.00000 0.00000
000399 50.00000 95.00000 3.05000 0.00000 90.00000 0.00000
000400 50.00000 96.00000 3.05000 0.00000 90.00000 0.00000
000401 50.00000 97.00000 3.05000 0.00000 90.00000 0.00000
000402 50.00000 98.00000 3.05000 0.00000 90.00000 0.00000
000403 50.00000 99.00000 3.05000 0.00000 90.00000 0.00000
000404 50.00000 100.00000 3.05000 0.00000 90.00000 0.00000
000405 50.00000 0.00000 4.05000 0.00000 90.00000 0.00000
000406 50.00000 1.00000 4.05000 0.00000 90.00000 0.00000
000407 50.00000 2.00000 4.05000 0.00000 90.00000 0.00000
000408 50.00000 3.00000 4.05000 0.00000 90.00000 0.00000
000409 50.00000 4.00000 4.05000 0.00000 90.00000 0.00000
000410 50.00000 5.00000 4.05000 0.00000 90.00000 0.00000
000411 50.00000 6.00000 4.05000 0.00000 90.00000 0.00000
000412 50.00000 7.00000 4.05000 0.00000 90.00000 0.00000
000413 50.00000 8.00000 4.05000 0.00000 90.00000 0.00000
000414 50.00000 9.00000 4.05000 0.00000 90.00000 0.00000
000415 50.00000 10.00000 4.05000 0.00000 90.00000 0.00000
000416 50.00000 11.00000 4.05000 0.00000 90.00000 0.00000
000417 50.00000 12.00000 4.05000 0.00000 90.00000 0.00000
000418 50.00000 13.00000 4.05000 0.00000 90.00000 0.00000
000419 50.00000 14.00000 4.05000 0.00000 90.00000 0.00000
000420 50.00000 15.00000 4.05000 0.00000 90.00000 0.00000
000421 50.00000 16.00000 4.05000 0.00000 90.00000 0.00000
000422 50.00000 17.00000 4.05000 0.00000 90.00000 0.00000
000423 50.00000 18.00000 4.05000 0.00000 90.00000 0.00000
000424 50.00000 19.00000 4.05000 0.00000 90.00000 0.00000
000425 50.00000 20.00000 4.05000 0.00000 90.00000 0.00000
000426 50.00000 21.00000 4.05000 0.00000 90.00000 0.00000
000427 50.00000 22.00000 4.05000 0.00000 90.00000 0.00000
000428 50.00000 23.00000 4.05000 0.00000 90.00000 0.00000
000429 50.00000 24.00000 4.05000 0.00000 90.00000 0.00000
000430 50.00000 25.00000 4.05000 0.00000 90.00000 0.00000
000431 50.00000 26.00000 4.05000 0.00000 90.00000 0.00000
000432 50.00000 27.00000 4.05000 0.00000 90.00000 0.00000
000433 50.00000 28.00000 4.05000 0.00000 90.00000 0.00000
000434 50.00000 29.00000 4.05000 0.00000 90.00000 0.00000
000435 50.00000 30.00000 4.05000 0.00000 90.00000 0.00000
000436 50.00000 31.00000 4.05000 0.00000 90.00000 0.00000
000437 50.00000 32.00000 4.05000 0.00000 90.00000 0.00000
000438 50.00000 33.00000 4.05000 0.00000 90.00000 0.00000
000439 50.00000 34.00000 4.05000 0.00000 90.00000 0.00000
000440 50.00000 35.00000 4.05000 0.00000 90.00000 0.00000
000441 50.00000 36.00000 4.05000 0.00000 90.00000 0.00000
000442 50.00000 37.00000 4.05000 0.00000 90.00000 0.00000
000443 50.00000 38.00000 4.05000 0.00000 90.00000 0.00000
000444 50.00000 39.00000 4.05000 0.00000 90.00000 0.00000
000445 50.00000 40.00000 4.05000 0.00000 90.00000 0.00000
000446 50.00000 41.00000 4.05000 0.00000 90.00000 0.00000
000447 50.00000 42.00000 4.05000 0.00000 90.00000 0.00000
000448 50.00000 43.00000 4.05000 0.00000 90.00000 0.00000
000449 50.00000 44.00000 4.05000 0.00000 90.00000 0.00000
000450 50.00000 45.00000 4.05000 0.00000 90.00000 0.00000
000451 50.00000 46.00000 4.05000 0.00000 90.00000 0.00000
000452 50.00000 47.00000 4.05000 0.00000 90.00000 0.00000
000453 50.00000 48.00000 4.05000 0.00000 90.00000 0.00000
000454 50.00000 49.00000 4.05000 0.00000 90.00000 0.00000
000455 50.00000 50.00000 4.05000 0.00000 90.00000 0.00000
000456 50.00000 51.00000 4.05000 0.00000 90.00000 0.00000
000457 50.00000 52.00000 4.05000 0.00000 90.00000 0.00000
000458 50.00000 53.00000 4.05000 0.00000 90.00000 0.00000
000459 50.00000 54.00000 4.05000 0.00000 90.00000 0.00000
000460 50.00000 55.00000 4.05000 0.00000 90.00000 0.00000
000461 50.00000 56.00000 4.05000 0.00000 90.00000 0.00000
000462 50.00000 57.00000 4.05000 0.00000 90.00000 0.00000
000463 50.00000 58.00000 4.05000 0.00000 90.00000 0.00000
000464 50.00000 59.00000 4.05000 0.00000 90.00000 0.00000
000465 50.00000 60.00000 4.05000 0.00000 90.00000 0.00000
000466 50.00000 61.00000 4.05000 0.00000 90.00000 0.00000
000467 50.00000 62.00000 4.05000 0.00000 90.00000 0.00000
000468 50.00000 63.00000 4.05000 0.00000 90.00000 0.00000
000469 50.00000 64.00000 4.05000 0.00000 90.00000 0.00000
000470 50.00000 65.00000 4.05000 0.00000 90.00000 0.00000
000471 50.00000 66.00000 4.05000 0.00000 90.00000 0.00000
000472 50.00000 67.00000 4.05000 0.00000 90.00000 0.00000
000473 50.00000 68.00000 4.05000 0.00000 90.00000 0.00000
000474 50.00000 69.00000 4.05000 0.00000 90.00000 0.00000
000475 50.00000 70.00000 4.05000 0.00000 90.00000 0.00000
000476 50.00000 71.00000 4.05000 0.00000 90.00000 0.00000
000477 50.00000 72.00000 4.05000 0.00000 90.00000 0.00000
000478 50.00000 73.00000 4.05000 0.00000 90.00000 0.00000
000479 50.00000 74.00000 4.05000 0.00000 90.00000 0.00000
000480 50.00000 75.00000 4.05000 0.00000 90.00000 0.00000
000481 50.00000 76.00000 4.05000 0.00000 90.00000 0.00000
000482 50.00000 77.00000 4.05000 0.00000 90.00000 0.00000
000483 50.00000 78.00000 4.05000 0.00000 90.00000 0.00000
000484 50.00000 79.00000 4.05000 0.00000 90.00000 0.00000
000485 50.00000 80.00000 4.05000 0.00000 90.00000 0.00000
000486 50.00000 81.00000 4.05000 0.00000 90.00000 0.00000
000487 50.00000 82.00000 4.05000 0.00000 90.00000 0.00000
000488 50.00000 83.00000 4.05000 0.00000 90.00000 0.00000
000489 50.00000 84.00000 4.05000 0.00000 90.00000 0.00000
000490 50.00000 85.00000 4.05000 0.00000 90.00000 0.00000
000491 50.00000 86.00000 4.05000 0.00000 90.00000 0.00000
000492 50.00000 87.00000 4.05000 0.00000 90.00000 0.00000
000493 50.00000 88.00000 4.05000 0.00000 90.00000 0.00000
000494 50.00000 89.00000 4.05000 0.00000 90.00000 0.00000
000495 50.00000 90.00000 4.05000 0.00000 90.00000 0.00000
000496 50.00000 91.00000 4.05000 0.00000 90.00000 0.00000
000497 50.00000 92.00000 4.05000 0.00000 90.00000 0.00000
000498 50.00000 93.00000 4.05000 0.00000 90.00000 0.00000
000499 50.00000 94.00000 4.05000 0.00000 90.00000 0.00000
000500 50.00000 95.00000 4.05000 0.00000 90.00000 0.00000
000501 50.00000 96.00000 4.05000 0.00000 90.00000 0.00000
000502 50.00000 97.00000 4.05000 0.00000 90.00000 0.00000
000503 50.00000 98.00000 4.05000 0.00000 90.00000 0.00000
000504 50.00000 99.00000 4.05000 0.00000 90.00000 0.00000
000505 50.00000 100.00000 4.05000 0.00000 90.00000 0.00000
000506 50.00000 0.00000 5.05000 0.00000 90.00000 0.00000
000507 50.00000 1.00000 5.05000 0.00000 90.00000 0.00000
000508 50.00000 2.00000 5.05000 0.00000 90.00000 0.00000
000509 50.00000 3.00000 5.05000 0.00000 90.00000 0.00000
000510 50.00000 4.00000 5.05000 0.00000 90.00000 0.00000
000511 50.00000 5.00000 5.05000 0.00000 90.00000 0.00000
000512 50.00000 6.00000 5.05000 0.00000 90.00000 0.00000
000513 50.00000 7.00000 5.05000 0.00000 90.00000 0.00000
000514 50.00000 8.00000 5.05000 0.00000 90.00000 0.00000
000515 50.00000 9.00000 5.05000 0.00000 90.00000 0.00000
000516 50.00000 10.00000 5.05000 0.00000 90.00000 0.00000
000517 50.00000 11.00000 5.05000 0.00000 90.00000 0.00000
000518 50.00000 12.00000 5.05000 0.00000 90.00000 0.00000
000519 50.00000 13.00000 5.05000 0.00000 90.00000 0.00000
000520 50.00000 14.00000 5.05000 0.00000 90.00000 0.00000
000521 50.00000 15.00000 5.05000 0.00000 90.00000 0.00000
000522 50.00000 16.00000 5.05000 0.00000 90.00000 0.00000
000523 50.00000 17.00000 5.05000 0.00000 90.00000 0.00000
000524 50.00000 18.00000 5.05000 0.00000 90.00000 0.00000
000525 50.00000 19.00000 5.05000 0.00000 90.00000 0.00000
000526 50.00000 20.00000 5.05000 0.00000 90.00000 0.00000
000527 50.00000 21.00000 5.05000 0.00000 90.00000 0.00000
000528 50.00000 22.00000 5.05000 0.00000 90.00000 0.00000
000529 50.00000 23.00000 5.05000 0.00000 90.00000 0.00000
000530 50.00000 24.00000 5.05000 0.00000 90.00000 0.00000
000531 50.00000 25.00000 5.05000 0.00000 90.00000 0.00000
000532 50.00000 26.00000 5.05000 0.00000 90.00000 0.00000
000533 50.00000 27.00000 5.05000 0.00000 90.00000 0.00000
000534 50.00000 28.00000 5.05000 0.00000 90.00000 0.00000
000535 50.00000 29.00000 5.05000 0.00000 90.00000 0.00000
000536 50.00000 30.00000 5.05000 0.00000 90.00000 0.00000
000537 50.00000 31.00000 5.05000 0.00000 90.00000 0.00000
000538 50.00000 32.00000 5.05000 0.00000 90.00000 0.00000
000539 50.00000 33.00000 5.05000 0.00000 90.00000 0.00000
000540 50.00000 34.00000 5.05000 0.00000 90.00000 0.00000
000541 50.00000 35.00000 5.05000 0.00000 90.00000 0.00000
000542 50.00000 36.00000 5.05000 0.00000 90.00000 0.00000
000543 50.00000 37.00000 5.05000 0.00000 90.00000 0.00000
000544 50.00000 38.00000 5.05000 0.00000 90.00000 0.00000
000545 50.00000 39.00000 5.05000 0.00000 90.00000 0.00000
000546 50.00000 40.00000 5.05000 0.00000 90.00000 0.00000
000547 50.00000 41.00000 5.05000 0.00000 90.00000 0.00000
000548 50.00000 42.00000 5.05000 0.00000 90.00000 0.00000
000549 50.00000 43.00000 5.05000 0.00000 90.00000 0.00000
000550 50.00000 44.00000 5.05000 0.00000 90.00000 0.00000
000551 50.00000 45.00000 5.05000 0.00000 90.00000 0.00000
000552 50.00000 46.00000 5.05000 0.00000 90.00000 0.00000
000553 50.00000 47.00000 5.05000 0.00000 90.00000 0.00000
000554 50.00000 48.00000 5.05000 0.00000 90.00000 0.00000
000555 50.00000 49.00000 5.05000 0.00000 90.00000 0.00000
000556 50.00000 50.00000 5.05000 0.00000 90.00000 0.00000
000557 50.00000 51.00000 5.05000 0.00000 90.00000 0.00000
000558 50.00000 52.00000 5.05000 0.00000 90.00000 0.00000
000559 50.00000 53.00000 5.05000 0.00000 90.00000 0.00000
000560 50.00000 54.00000 5.05000 0.00000 90.00000 0.00000
000561 50.00000 55.00000 5.05000 0.00000 90.00000 0.00000
000562 50.00000 56.00000 5.05000 0.00000 90.00000 0.00000
000563 50.00000 57.00000 5.05000 0.00000 90.00000 0.00000
000564 50.00000 58.00000 5.05000 0.00000 90.00000 0.00000
000565 50.00000 59.00000 5.05000 0.00000 90.00000 0.00000
000566 50.00000 60.00000 5.05000 0.00000 90.00000 0.00000
000567 50.00000 61.00000 5.05000 0.00000 90.00000 0.00000
000568 50.00000 62.00000 5.05000 0.00000 90.00000 0.00000
000569 50.00000 63.00000 5.05000 0.00000 90.00000 0.00000
000570 50.00000 64.00000 5.05000 0.00000 90.00000 0.00000
000571 50.00000 65.00000 5.05000 0.00000 90.00000 0.00000
000572 50.00000 66.00000 5.05000 0.00000 90.00000 0.00000
000573 50.00000 67.00000 5.05000 0.00000 90.00000 0.00000
000574 50.00000 68.00000 5.05000 0.00000 90.00000 0.00000
000575 50.00000 69.00000 5.05000 0.00000 90.00000 0.00000
000576 50.00000 70.00000 5.05000 0.00000 90.00000 0.00000
000577 50.00000 71.00000 5.05000 0.00000 90.00000 0.00000
000578 50.00000 72.00000 5.05000 0.00000 90.00000 0.00000
000579 50.00000 73.00000 5.05000 0.00000 90.00000 0.00000
000580 50.00000 74.00000 5.05000 0.00000 90.00000 0.00000
000581 50.00000 75.00000 5.05000 0.00000 90.00000 0.00000
000582 50.00000 76.00000 5.05000 0.00000 90.00000 0.00000
000583 50.00000 77.00000 5.05000 0.00000 90.00000 0.00000
000584 50.00000 78.00000 5.05000 0.00000 90.00000 0.00000
000585 50.00000 79.00000 5.05000 0.00000 90.00000 0.00000
000586 50.00000 80.00000 5.05000 0.00000 90.00000 0.00000
000587 50.00000 81.00000 5.05000 0.00000 90.00000 0.00000
000588 50.00000 82.00000 5.05000 0.00000 90.00000 0.00000
000589 50.00000 83.00000 5.05000 0.00000 90.00000 0.00000
000590 50.00000 84.00000 5.05000 0.00000 90.00000 0.00000
000591 50.00000 85.00000 5.05000 0.00000 90.00000 0.00000
000592 50.00000 86.00000 5.05000 0.00000 90.00000 0.00000
000593 50.00000 87.00000 5.05000 0.00000 90.00000 0.00000
000594 50.00000 88.00000 5.05000 0.00000 90.00000 0.00000
000595 50.00000 89.00000 5.05000 0.00000 90.00000 0.00000
000596 50.00000 90.00000 5.05000 0.00000 90.00000 0.00000
000597 50.00000 91.00000 5.05000 0.00000 90.00000 0.00000
000598 50.00000 92.00000 5.05000 0.00000 90.00000 0.00000
000599 50.00000 93.00000 5.05000 0.00000 90.00000 0.00000
000600 50.00000 94.00000 5.05000 0.00000 90.00000 0.00000
000601 50.00000 95.00000 5.05000 0.00000 90.00000 0.00000
000602 50.00000 96.00000 5.05000 0.00000 90.00000 0.00000
000603 50.00000 97.00000 5.05000 0.00000 90.00000 0.00000
000604 50.00000 98.00000 5.05000 0.00000 90.00000 0.00000
000605 50.00000 99.00000 5.05000 0.00000 90.00000 0.00000
000606 50.00000 100.00000 5.05000 0.00000 90.00000 0.00000
000607 50.00000 0.00000 6.05000 0.00000 90.00000 0.00000
000608 50.00000 1.00000 6.05000 0.00000 90.00000 0.00000
000609 50.00000 2.00000 6.05000 0.00000 90.00000 0.00000
000610 50.00000 3.00000 6.05000 0.00000 90.00000 0.00000
000611 50.00000 4.00000 6.05000 0.00000 90.00000 0.00000
000612 50.00000 5.00000 6.05000 0.00000 90.00000 0.00000
000613 50.00000 6.00000 6.05000 0.00000 90.00000 0.00000
000614 50.00000 7.00000 6.05000 0.00000 90.00000 0.00000
000615 50.00000 8.00000 6.05000 0.00000 90.00000 0.00000
000616 50.00000 9.00000 6.05000 0.00000 90.00000 0.00000
000617 50.00000 10.00000 6.05000 0.00000 90.00000 0.00000
000618 50.00000 11.00000 6.05000 0.00000 90.00000 0.00000
000619 50.00000 12.00000 6.05000 0.00000 90.00000 0.00000
000620 50.00000 13.00000 6.05000 0.00000 90.00000 0.00000
000621 50.00000 14.00000 6.05000 0.00000 90.00000 0.00000
000622 50.00000 15.00000 6.05000 0.00000 90.00000 0.00000
000623 50.00000 16.00000 6.05000 0.00000 90.00000 0.00000
000624 50.00000 17.00000 6.05000 0.00000 90.00000 0.00000
000625 50.00000 18.00000 6.05000 0.00000 90.00000 0.00000
000626 50.00000 19.00000 6.05000 0.00000 90.00000 0.00000
000627 50.00000 20.00000 6.05000 0.00000 90.00000 0.00000
000628 50.00000 21.00000 6.05000 0.00000 90.00000 0.00000
000629 50.00000 22.00000 6.05000 0.00000 90.00000 0.00000
000630 50.00000 23.00000 6.05000 0.00000 90.00000 0.00000
000631 50.00000 24.00000 6.05000 0.00000 90.00000 0.00000
000632 50.00000 25.00000 6.05000 0.00000 90.00000 0.00000
000633 50.00000 26.00000 6.05000 0.00000 90.00000 0.00000
000634 50.00000 27.00000 6.05000 0.00000 90.00000 0.00000
000635 50.00000 28.00000 6.05000 0.00000 90.00000 0.00000
000636 50.00000 29.00000 6.05000 0.00000 90.00000 0.00000
000637 50.00000 30.00000 6.05000 0.00000 90.00000 0.00000
000638 50.00000 31.00000 6.05000 0.00000 90.00000 0.00000
000639 50.00000 32.00000 6.05000 0.00000 90.00000 0.00000
000640 50.00000 33.00000 6.05000 0.00000 90.00000 0.00000
000641 50.00000 34.00000 6.05000 0.00000 90.00000 0.00000
000642 50.00000 35.00000 6.05000 0.00000 90.00000 0.00000
000643 50.00000 36.00000 6.05000 0.00000 90.00000 0.00000
000644 50.00000 37.00000 6.05000 0.00000 90.00000 0.00000
000645 50.00000 38.00000 6.05000 0.00000 90.00000 0.00000
000646 50.00000 39.00000 6.05000 0.00000 90.00000 0.00000
000647 50.00000 40.00000 6.05000 0.00000 90.00000 0.00000
000648 50.00000 41.00000 6.05000 0.00000 90.00000 0.00000
000649 50.00000 42.00000 6.05000 0.00000 90.00000 0.00000
000650 50.00000 43.00000 6.05000 0.00000 90.00000 0.00000
000651 50.00000 44.00000 6.05000 0.00000 90.00000 0.00000
000652 50.00000 45.00000 6.05000 0.00000 90.00000 0.00000
000653 50.00000 46.00000 6.05000 0.00000 90.00000 0.00000
000654 50.00000 47.00000 6.05000 0.00000 90.00000 0.00000
000655 50.00000 48.00000 6.05000 0.00000 90.00000 0.00000
000656 50.00000 49.00000 6.05000 0.00000 90.00000 0.00000
000657 50.00000 50.00000 6.05000 0.00000 90.00000 0.00000
000658 50.00000 51.00000 6.05000 0.00000 90.00000 0.00000
000659 50.00000 52.00000 6.05000 0.00000 90.00000 0.00000
000660 50.00000 53.00000 6.05000 0.00000 90.00000 0.00000
000661 50.00000 54.00000 6.05000 0.00000 90.00000 0.00000
000662 50.00000 55.00000 6.05000 0.00000 90.00000 0.00000
000663 50.00000 56.00000 6.05000 0.00000 90.00000 0.00000
000664 50.00000 57.00000 6.05000 0.00000 90.00000 0.00000
000665 50.00000 58.00000 6.05000 0.00000 90.00000 0.00000
000666 50.00000 59.00000 6.05000 0.00000 90.00000 0.00000
000667 50.00000 60.00000 6.05000 0.00000 90.00000 0.00000
000668 50.00000 61.00000 6.05000 0.00000 90.00000 0.00000
000669 50.00000 62.00000 6.05000 0.00000 90.00000 0.00000
000670 50.00000 63.00000 6.05000 0.00000 90.00000 0.00000
000671 50.00000 64.00000 6.05000 0.00000 90.00000 0.00000
000672 50.00000 65.00000 6.05000 0.00000 90.00000 0.00000
000673 50.00000 66.00000 6.05000 0.00000 90.00000 0.00000
000674 50.00000 67.00000 6.05000 0.00000 90.00000 0.00000
000675 50.00000 68.00000 6.05000 0.00000 90.00000 0.00000
000676 50.00000 69.00000 6.05000 0.00000 90.00000 0.00000
000677 50.00000 70.00000 6.05000 0.00000 90.00000 0.00000
000678 50.00000 71.00000 6.05000 0.00000 90.00000 0.00000
000679 50.00000 72.00000 6.05000 0.00000 90.00000 0.00000
000680 50.00000 73.00000 6.05000 0.00000 90.00000 0.00000
000681 50.00000 74.00000 6.05000 0.00000 90.00000 0.00000
000682 50.00000 75.00000 6.05000 0.00000 90.00000 0.00000
000683 50.00000 76.00000 6.05000 0.00000 90.00000 0.00000
000684 50.00000 77.00000 6.05000 0.00000 90.00000 0.00000
000685 50.00000 78.00000 6.05000 0.00000 90.00000 0.00000
000686 50.00000 79.00000 6.05000 0.00000 90.00000 0.00000
000687 50.00000 80.00000 6.05000 0.00000 90.00000 0.00000
000688 50.00000 81.00000 6.05000 0.00000 90.00000 0.00000
000689 50.00000 82.00000 6.05000 0.00000 90.00000 0.00000
000690 50.00000 83.00000 6.05000 0.00000 90.00000 0.00000
000691 50.00000 84.00000 6.05000 0.00000 90.00000 0.00000
000692 50.00000 85.00000 6.05000 0.00000 90.00000 0.00000
000693 50.00000 86.00000 6.05000 0.00000 90.00000 0.00000
000694 50.00000 87.00000 6.05000 0.00000 90.00000 0.00000
000695 50.00000 88.00000 6.05000 0.00000 90.00000 0.00000
000696 50.00000 89.00000 6.05000 0.00000 90.00000 0.00000
000697 50.00000 90.00000 6.05000 0.00000 90.00000 0.00000
000698 50.00000 91.00000 6.05000 0.00000 90.00000 0.00000
000699 50.00000 92.00000 6.05000 0.00000 90.00000 0.00000
000700 50.00000 93.00000 6.05000 0.00000 90.00000 0.00000
000701 50.00000 94.00000 6.05000 0.00000 90.00000 0.00000
000702 50.00000 95.00000 6.05000 0.00000 90.00000 0.00000
000703 50.00000 96.00000 6.05000 0.00000 90.00000 0.00000
000704 50.00000 97.00000 6.05000 0.00000 90.00000 0.00000
000705 50.00000 98.00000 6.05000 0.00000 90.00000 0.00000
000706 50.00000 99.00000 6.05000 0.00000 90.00000 0.00000
000707 50.00000 100.00000 6.05000 0.00000 90.00000 0.00000
000708 50.00000 0.00000 7.05000 0.00000 90.00000 0.00000
000709 50.00000 1.00000 7.05000 0.00000 90.00000 0.00000
000710 50.00000 2.00000 7.05000 0.00000 90.00000 0.00000
000711 50.00000 3.00000 7.05000 0.00000 90.00000 0.00000
000712 50.00000 4.00000 7.05000 0.00000 90.00000 0.00000
000713 50.00000 5.00000 7.05000 0.00000 90.00000 0.00000
000714 50.00000 6.00000 7.05000 0.00000 90.00000 0.00000
000715 50.00000 7.00000 7.05000 0.00000 90.00000 0.00000
000716 50.00000 8.00000 7.05000 0.00000 90.00000 0.00000
000717 50.00000 9.00000 7.05000 0.00000 90.00000 0.00000
000718 50.00000 10.00000 7.05000 0.00000 90.00000 0.00000
000719 50.00000 11.00000 7.05000 0.00000 90.00000 0.00000
000720 50.00000 12.00000 7.05000 0.00000 90.00000 0.00000
000721 50.00000 13.00000 7.05000 0.00000 90.00000 0.00000
000722 50.00000 14.00000 7.05000 0.00000 90.00000 0.00000
000723 50.00000 15.00000 7.05000 0.00000 90.00000 0.00000
000724 50.00000 16.00000 7.05000 0.00000 90.00000 0.00000
000725 50.00000 17.00000 7.05000 0.00000 90.00000 0.00000
000726 50.00000 18.00000 7.05000 0.00000 90.00000 0.00000
000727 50.00000 19.00000 7.05000 0.00000 90.00000 0.00000
000728 50.00000 20.00000 7.05000 0.00000 90.00000 0.00000
000729 50.00000 21.00000 7.05000 0.00000 90.00000 0.00000
000730 50.00000 22.00000 7.05000 0.00000 90.00000 0.00000
000731 50.00000 23.00000 7.05000 0.00000 90.00000 0.00000
000732 50.00000 24.00000 7.05000 0.00000 90.00000 0.00000
000733 50.00000 25.00000 7.05000 0.00000 90.00000 0.00000
000734 50.00000 26.00000 7.05000 0.00000 90.00000 0.00000
000735 50.00000 27.00000 7.05000 0.00000 90.00000 0.00000
000736 50.00000 28.00000 7.05000 0.00000 90.00000 0.00000
000737 50.00000 29.00000 7.05000 0.00000 90.00000 0.00000
000738 50.00000 30.00000 7.05000 0.00000 90.00000 0.00000
000739 50.00000 31.00000 7.05000 0.00000 90.00000 0.00000
000740 50.00000 32.00000 7.05000 0.00000 90.00000 0.00000
000741 50.00000 33.00000 7.05000 0.00000 90.00000 0.00000
000742 50.00000 34.00000 7.05000 0.00000 90.00000 0.00000
000743 50.00000 35.00000 7.05000 0.00000 90.00000 0.00000
000744 50.00000 36.00000 7.05000 0.00000 90.00000 0.00000
000745 50.00000 37.00000 7.05000 0.00000 90.00000 0.00000
000746 50.00000 38.00000 7.05000 0.00000 90.00000 0.00000
000747 50.00000 39.00000 7.05000 0.00000 90.00000 0.00000
000748 50.00000 40.00000 7.05000 0.00000 90.00000 0.00000
000749 50.00000 41.00000 7.05000 0.00000 90.00000 0.00000
000750 50.00000 42.00000 7.05000 0.00000 90.00000 0.00000
000751 50.00000 43.00000 7.05000 0.00000 90.00000 0.00000
000752 50.00000 44.00000 7.05000 0.00000 90.00000 0.00000
000753 50.00000 45.00000 7.05000 0.00000 90.00000 0.00000
000754 50.00000 46.00000 7.05000 0.00000 90.00000 0.00000
000755 50.00000 47.00000 7.05000 0.00000 90.00000 0.00000
000756 50.00000 48.00000 7.05000 0.00000 90.00000 0.00000
000757 50.00000 49.00000 7.05000 0.00000 90.00000 0.00000
000758 50.00000 50.00000 7.05000 0.00000 90.00000 0.00000
000759 50.00000 51.00000 7.05000 0.00000 90.00000 0.00000
000760 50.00000 52.00000 7.05000 0.00000 90.00000 0.00000
000761 50.00000 53.00000 7.05000 0.00000 90.00000 0.00000
000762 50.00000 54.00000 7.05000 0.00000 90.00000 0.00000
000763 50.00000 55.00000 7.05000 0.00000 90.00000 0.00000
000764 50.00000 56.00000 7.05000 0.00000 90.00000 0.00000
000765 50.00000 57.00000 7.05000 0.00000 90.00000 0.00000
000766 50.00000 58.00000 7.05000 0.00000 90.00000 0.00000
000767 50.00000 59.00000 7.05000 0.00000 90.00000 0.00000
000768 50.00000 60.00000 7.05000 0.00000 90.00000 0.00000
000769 50.00000 61.00000 7.05000 0.00000 90.00000 0.00000
000770 50.00000 62.00000 7.05000 0.00000 90.00000 0.00000
000771 50.00000 63.00000 7.05000 0.00000 90.00000 0.00000
000772 50.00000 64.00000 7.05000 0.00000 90.00000 0.00000
000773 50.00000 65.00000 7.05000 0.00000 90.00000 0.00000
000774 50.00000 66.00000 7.05000 0.00000 90.00000 0.00000
000775 50.00000 67.00000 7.05000 0.00000 90.00000 0.00000
000776 50.00000 68.00000 7.05000 0.00000 90.00000 0.00000
000777 50.00000 69.00000 7.05000 0.00000 90.00000 0.00000
000778 50.00000 70.00000 7.05000 0.00000 90.00000 0.00000
000779 50.00000 71.00000 7.05000 0.00000 90.00000 0.00000
000780 50.00000 72.00000 7.05000 0.00000 90.00000 0.00000
000781 50.00000 73.00000 7.05000 0.00000 90.00000 0.00000
000782 50.00000 74.00000 7.05000 0.00000 90.00000 0.00000
000783 50.00000 75.00000 7.05000 0.00000 90.00000 0.00000
000784 50.00000 76.00000 7.05000 0.00000 90.00000 0.00000
000785 50.00000 77.00000 7.05000 0.00000 90.00000 0.00000
000786 50.00000 78.00000 7.05000 0.00000 90.00000 0.00000
000787 50.00000 79.00000 7.05000 0.00000 90.00000 0.00000
000788 50.00000 80.00000 7.05000 0.00000 90.00000 0.00000
000789 50.00000 81.00000 7.05000 0.00000 90.00000 0.00000
000790 50.00000 82.00000 7.05000 0.00000 90.00000 0.00000
000791 50.00000 83.00000 7.05000 0.00000 90.00000 0.00000
000792 50.00000 84.00000 7.05000 0.00000 90.00000 0.00000
000793 50.00000 85.00000 7.05000 0.00000 90.00000 0.00000
000794 50.00000 86.00000 7.05000 0.00000 90.00000 0.00000
000795 50.00000 87.00000 7.05000 0.00000 90.00000 0.00000
000796 50.00000 88.00000 7.05000 0.00000 90.00000 0.00000
000797 50.00000 89.00000 7.05000 0.00000 90.00000 0.00000
000798 50.00000 90.00000 7.05000 0.00000 90.00000 0.00000
000799 50.00000 91.00000 7.05000 0.00000 90.00000 0.00000
000800 50.00000 92.00000 7.05000 0.00000 90.00000 0.00000
000801 50.00000 93.00000 7.05000 0.00000 90.00000 0.00000
000802 50.00000 94.00000 7.05000 0.00000 90.00000 0.00000
000803 50.00000 95.00000 7.05000 0.00000 90.00000 0.00000
000804 50.00000 96.00000 7.05000 0.00000 90.00000 0.00000
000805 50.00000 97.00000 7.05000 0.00000 90.00000 0.00000
000806 50.00000 98.00000 7.05000 0.00000 90.00000 0.00000
000807 50.00000 99.00000 7.05000 0.00000 90.00000 0.00000
000808 50.00000 100.00000 7.05000 0.00000 90.00000 0.00000
000809 50.00000 0.00000 8.05000 0.00000 90.00000 0.00000
000810 50.00000 1.00000 8.05000 0.00000 90.00000 0.00000
000811 50.00000 2.00000 8.05000 0.00000 90.00000 0.00000
000812 50.00000 3.00000 8.05000 0.00000 90.00000 0.00000
000813 50.00000 4.00000 8.05000 0.00000 90.00000 0.00000
000814 50.00000 5.00000 8.05000 0.00000 90.00000 0.00000
000815 50.00000 6.00000 8.05000 0.00000 90.00000 0.00000
000816 50.00000 7.00000 8.05000 0.00000 90.00000 0.00000
000817 50.00000 8.00000 8.05000 0.00000 90.00000 0.00000
000818 50.00000 9.00000 8.05000 0.00000 90.00000 0.00000
000819 50.00000 10.00000 8.05000 0.00000 90.00000 0.00000
000820 50.00000 11.00000 8.05000 0.00000 90.00000 0.00000
000821 50.00000 12.00000 8.05000 0.00000 90.00000 0.00000
000822 50.00000 13.00000 8.05000 0.00000 90.00000 0.00000
000823 50.00000 14.00000 8.05000 0.00000 90.00000 0.00000
000824 50.00000 15.00000 8.05000 0.00000 90.00000 0.00000
000825 50.00000 16.00000 8.05000 0.00000 90.00000 0.00000
000826 50.00000 17.00000 8.05000 0.00000 90.00000 0.00000
000827 50.00000 18.00000 8.05000 0.00000 90.00000 0.00000
000828 50.00000 19.00000 8.05000 0.00000 90.00000 0.00000
000829 50.00000 20.00000 8.05000 0.00000 90.00000 0.00000
000830 50.00000 21.00000 8.05000 0.00000 90.00000 0.00000
000831 50.00000 22.00000 8.05000 0.00000 90.00000 0.00000
000832 50.00000 23.00000 8.05000 0.00000 90.00000 0.00000
000833 50.00000 24.00000 8.05000 0.00000 90.00000 0.00000
000834 50.00000 25.00000 8.05000 0.00000 90.00000 0.00000
000835 50.00000 26.00000 8.05000 0.00000 90.00000 0.00000
000836 50.00000 27.00000 8.05000 0.00000 90.00000 0.00000
000837 50.00000 28.00000 8.05000 0.00000 90.00000 0.00000
000838 50.00000 29.00000 8.05000 0.00000 90.00000 0.00000
000839 50.00000 30.00000 8.05000 0.00000 90.00000 0.00000
000840 50.00000 31.00000 8.05000 0.00000 90.00000 0.00000
000841 50.00000 32.00000 8.05000 0.00000 90.00000 0.00000
000842 50.00000 33.00000 8.05000 0.00000 90.00000 0.00000
000843 50.00000 34.00000 8.05000 0.00000 90.00000 0.00000
000844 50.00000 35.00000 8.05000 0.00000 90.00000 0.00000
000845 50.00000 36.00000 8.05000 0.00000 90.00000 0.00000
000846 50.00000 37.00000 8.05000 0.00000 90.00000 0.00000
000847 50.00000 38.00000 8.05000 0.00000 90.00000 0.00000
000848 50.00000 39.00000 8.05000 0.00000 90.00000 0.00000
000849 50.00000 40.00000 8.05000 0.00000 90.00000 0.00000
000850 50.00000 41.00000 8.05000 0.00000 90.00000 0.00000
000851 50.00000 42.00000 8.05000 0.00000 90.00000 0.00000
000852 50.00000 43.00000 8.05000 0.00000 90.00000 0.00000
000853 50.00000 44.00000 8.05000 0.00000 90.00000 0.00000
000854 50.00000 45.00000 8.05000 0.00000 90.00000 0.00000
000855 50.00000 46.00000 8.05000 0.00000 90.00000 0.00000
000856 50.00000 47.00000 8.05000 0.00000 90.00000 0.00000
000857 50.00000 48.00000 8.05000 0.00000 90.00000 0.00000
000858 50.00000 49.00000 8.05000 0.00000 90.00000 0.00000
000859 50.00000 50.00000 8.05000 0.00000 90.00000 0.00000
000860 50.00000 51.00000 8.05000 0.00000 90.00000 0.00000
000861 50.00000 52.00000 8.05000 0.00000 90.00000 0.00000
000862 50.00000 53.00000 8.05000 0.00000 90.00000 0.00000
000863 50.00000 54.00000 8.05000 0.00000 90.00000 0.00000
000864 50.00000 55.00000 8.05000 0.00000 90.00000 0.00000
000865 50.00000 56.00000 8.05000 0.00000 90.00000 0.00000
000866 50.00000 57.00000 8.05000 0.00000 90.00000 0.00000
000867 50.00000 58.00000 8.05000 0.00000 90.00000 0.00000
000868 50.00000 59.00000 8.05000 0.00000 90.00000 0.00000
000869 50.00000 60.00000 8.05000 0.00000 90.00000 0.00000
000870 50.00000 61.00000 8.05000 0.00000 90.00000 0.00000
000871 50.00000 62.00000 8.05000 0.00000 90.00000 0.00000
000872 50.00000 63.00000 8.05000 0.00000 90.00000 0.00000
000873 50.00000 64.00000 8.05000 0.00000 90.00000 0.00000
000874 50.00000 65.00000 8.05000 0.00000 90.00000 0.00000
000875 50.00000 66.00000 8.05000 0.00000 90.00000 0.00000
000876 50.00000 67.00000 8.05000 0.00000 90.00000 0.00000
000877 50.00000 68.00000 8.05000 0.00000 90.00000 0.00000
000878 50.00000 69.00000 8.05000 0.00000 90.00000 0.00000
000879 50.00000 70.00000 8.05000 0.00000 90.00000 0.00000
000880 50.00000 71.00000 8.05000 0.00000 90.00000 0.00000
000881 50.00000 72.00000 8.05000 0.00000 90.00000 0.00000
000882 50.00000 73.00000 8.05000 0.00000 90.00000 0.00000
000883 50.00000 74.00000 8.05000 0.00000 90.00000 0.00000
000884 50.00000 75.00000 8.05000 0.00000 90.00000 0.00000
000885 50.00000 76.00000 8.05000 0.00000 90.00000 0.00000
000886 50.00000 77.00000 8.05000 0.00000 90.00000 0.00000
000887 50.00000 78.00000 8.05000 0.00000 90.00000 0.00000
000888 50.00000 79.00000 8.05000 0.00000 90.00000 0.00000
000889 50.00000 80.00000 8.05000 0.00000 90.00000 0.00000
000890 50.00000 81.00000 8.05000 0.00000 90.00000 0.00000
000891 50.00000 82.00000 8.05000 0.00000 90.00000 0.00000
000892 50.00000 83.00000 8.05000 0.00000 90.00000 0.00000
000893 50.00000 84.00000 8.05000 0.00000 90.00000 0.00000
000894 50.00000 85.00000 8.05000 0.00000 90.00000 0.00000
000895 50.00000 86.00000 8.05000 0.00000 90.00000 0.00000
000896 50.00000 87.00000 8.05000 0.00000 90.00000 0.00000
000897 50.00000 88.00000 8.05000 0.00000 90.00000 0.00000
000898 50.00000 89.00000 8.05000 0.00000 90.00000 0.00000
000899 50.00000 90.00000 8.05000 0.00000 90.00000 0.00000
000900 50.00000 91.00000 8.05000 0.00000 90.00000 0.00000
000901 50.00000 92.00000 8.05000 0.00000 90.00000 0.00000
000902 50.00000 93.00000 8.05000 0.00000 90.00000 0.00000
000903 50.00000 94.00000 8.05000 0.00000 90.00000 0.00000
000904 50.00000 95.00000 8.05000 0.00000 90.00000 0.00000
000905 50.00000 96.00000 8.05000 0.00000 90.00000 0.00000
000906 50.00000 97.00000 8.05000 0.00000 90.00000 0.00000
000907 50.00000 98.00000 8.05000 0.00000 90.00000 0.00000
000908 50.00000 99.00000 8.05000 0.00000 90.00000 0.00000
000909 50.00000 100.00000 8.05000 0.00000 90.00000 0.00000
000910 50.00000 0.00000 9.05000 0.00000 90.00000 0.00000
000911 50.00000 1.00000 9.05000 0.00000 90.00000 0.00000
000912 50.00000 2.00000 9.05000 0.00000 90.00000 0.00000
000913 50.00000 3.00000 9.05000 0.00000 90.00000 0.00000
000914 50.00000 4.00000 9.05000 0.00000 90.00000 0.00000
000915 50.00000 5.00000 9.05000 0.00000 90.00000 0.00000
000916 50.00000 6.00000 9.05000 0.00000 90.00000 0.00000
000917 50.00000 7.00000 9.05000 0.00000 90.00000 0.00000
000918 50.00000 8.00000 9.05000 0.00000 90.00000 0.00000
000919 50.00000 9.00000 9.05000 0.00000 90.00000 0.00000
000920 50.00000 10.00000 9.05000 0.00000 90.00000 0.00000
000921 50.00000 11.00000 9.05000 0.00000 90.00000 0.00000
000922 50.00000 12.00000 9.05000 0.00000 90.00000 0.00000
000923 50.00000 13.00000 9.05000 0.00000 90.00000 0.00000
000924 50.00000 14.00000 9.05000 0.00000 90.00000 0.00000
000925 50.00000 15.00000 9.05000 0.00000 90.00000 0.00000
000926 50.00000 16.00000 9.05000 0.00000 90.00000 0.00000
000927 50.00000 17.00000 9.05000 0.00000 90.00000 0.00000
000928 50.00000 18.00000 9.05000 0.00000 90.00000 0.00000
000929 50.00000 19.00000 9.05000 0.00000 90.00000 0.00000
000930 50.00000 20.00000 9.05000 0.00000 90.00000 0.00000
000931 50.00000 21.00000 9.05000 0.00000 90.00000 0.00000
000932 50.00000 22.00000 9.05000 0.00000 90.00000 0.00000
000933 50.00000 23.00000 9.05000 0.00000 90.00000 0.00000
000934 50.00000 24.00000 9.05000 0.00000 90.00000 0.00000
000935 50.00000 25.00000 9.05000 0.00000 90.00000 0.00000
000936 50.00000 26.00000 9.05000 0.00000 90.00000 0.00000
000937 50.00000 27.00000 9.05000 0.00000 90.00000 0.00000
000938 50.00000 28.00000 9.05000 0.00000 90.00000 0.00000
000939 50.00000 29.00000 9.05000 0.00000 90.00000 0.00000
000940 50.00000 30.00000 9.05000 0.00000 90.00000 0.00000
000941 50.00000 31.00000 9.05000 0.00000 90.00000 0.00000
000942 50.00000 32.00000 9.05000 0.00000 90.00000 0.00000
000943 50.00000 33.00000 9.05000 0.00000 90.00000 0.00000
000944 50.00000 34.00000 9.05000 0.00000 90.00000 0.00000
000945 50.00000 35.00000 9.05000 0.00000 90.00000 0.00000
000946 50.00000 36.00000 9.05000 0.00000 90.00000 0.00000
000947 50.00000 37.00000 9.05000 0.00000 90.00000 0.00000
000948 50.00000 38.00000 9.05000 0.00000 90.00000 0.00000
000949 50.00000 39.00000 9.05000 0.00000 90.00000 0.00000
000950 50.00000 40.00000 9.05000 0.00000 90.00000 0.00000
000951 50.00000 41.00000 9.05000 0.00000 90.00000 0.00000
000952 50.00000 42.00000 9.05000 0.00000 90.00000 0.00000
000953 50.00000 43.00000 9.05000 0.00000 90.00000 0.00000
000954 50.00000 44.00000 9.05000 0.00000 90.00000 0.00000
000955 50.00000 45.00000 9.05000 0.00000 90.00000 0.00000
000956 50.00000 46.00000 9.05000 0.00000 90.00000 0.00000
000957 50.00000 47.00000 9.05000 0.00000 90.00000 0.00000
000958 50.00000 48.00000 9.05000 0.00000 90.00000 0.00000
000959 50.00000 49.00000 9.05000 0.00000 90.00000 0.00000
000960 50.00000 50.00000 9.05000 0.00000 90.00000 0.00000
000961 50.00000 51.00000 9.05000 0.00000 90.00000 0.00000
000962 50.00000 52.00000 9.05000 0.00000 90.00000 0.00000
000963 50.00000 53.00000 9.05000 0.00000 90.00000 0.00000
000964 50.00000 54.00000 9.05000 0.00000 90.00000 0.00000
000965 50.00000 55.00000 9.05000 0.00000 90.00000 0.00000
000966 50.00000 56.00000 9.05000 0.00000 90.00000 0.00000
000967 50.00000 57.00000 9.05000 0.00000 90.00000 0.00000
000968 50.00000 58.00000 9.05000 0.00000 90.00000 0.00000
000969 50.00000 59.00000 9.05000 0.00000 90.00000 0.00000
000970 50.00000 60.00000 9.05000 0.00000 90.00000 0.00000
000971 50.00000 61.00000 9.05000 0.00000 90.00000 0.00000
000972 50.00000 62.00000 9.05000 0.00000 90.00000 0.00000
000973 50.00000 63.00000 9.05000 0.00000 90.00000 0.00000
000974 50.00000 64.00000 9.05000 0.00000 90.00000 0.00000
000975 50.00000 65.00000 9.05000 0.00000 90.00000 0.00000
000976 50.00000 66.00000 9.05000 0.00000 90.00000 0.00000
000977 50.00000 67.00000 9.05000 0.00000 90.00000 0.00000
000978 50.00000 68.00000 9.05000 0.00000 90.00000 0.00000
000979 50.00000 69.00000 9.05000 0.00000 90.00000 0.00000
000980 50.00000 70.00000 9.05000 0.00000 90.00000 0.00000
000981 50.00000 71.00000 9.05000 0.00000 90.00000 0.00000
000982 50.00000 72.00000 9.05000 0.00000 90.00000 0.00000
000983 50.00000 73.00000 9.05000 0.00000 90.00000 0.00000
000984 50.00000 74.00000 9.05000 0.00000 90.00000 0.00000
000985 50.00000 75.00000 9.05000 0.00000 90.00000 0.00000
000986 50.00000 76.00000 9.05000 0.00000 90.00000 0.00000
000987 50.00000 77.00000 9.05000 0.00000 90.00000 0.00000
000988 50.00000 78.00000 9.05000 0.00000 90.00000 0.00000
000989 50.00000 79.00000 9.05000 0.00000 90.00000 0.00000
000990 50.00000 80.00000 9.05000 0.00000 90.00000 0.00000
000991 50.00000 81.00000 9.05000 0.00000 90.00000 0.00000
000992 50.00000 82.00000 9.05000 0.00000 90.00000 0.00000
000993 50.00000 83.00000 9.05000 0.00000 90.00000 0.00000
000994 50.00000 84.00000 9.05000 0.00000 90.00000 0.00000
000995 50.00000 85.00000 9.05000 0.00000 90.00000 0.00000
000996 50.00000 86.00000 9.05000 0.00000 90.00000 0.00000
000997 50.00000 87.00000 9.05000 0.00000 90.00000 0.00000
000998 50.00000 88.00000 9.05000 0.00000 90.00000 0.00000
000999 50.00000 89.00000 9.05000 0.00000 90.00000 0.00000
001000 50.00000 90.00000 9.05000 0.00000 90.00000 0.00000
001001 50.00000 91.00000 9.05000 0.00000 90.00000 0.00000
001002 50.00000 92.00000 9.05000 0.00000 90.00000 0.00000
001003 50.00000 93.00000 9.05000 0.00000 90.00000 0.00000
001004 50.00000 94.00000 9.05000 0.00000 90.00000 0.00000
001005 50.00000 95.00000 9.05000 0.00000 90.00000 0.00000
001006 50.00000 96.00000 9.05000 0.00000 90.00000 0.00000
001007 50.00000 97.00000 9.05000 0.00000 90.00000 0.00000
001008 50.00000 98.00000 9.05000 0.00000 90.00000 0.00000
001009 50.00000 99.00000 9.05000 0.00000 90.00000 0.00000
001010 50.00000 100.00000 9.05000 0.00000 90.00000 0.00000
