1 1 1  1.  1.  1.  1  1765.txt  
1 1 1  1.  1.  1.  1  N016.txt  
1 1 1  1.  1.  1.  1  NHC.txt  
1 1 1  1.  1.  1.  1  6815.txt  
1 1 1  1.  1.  1.  1  N019.txt  
1 1 1  1.  1.  1.  1  NGVB.txt  
1 1 1  1.  1.  1.  1  NSP..txt  
1 1 1  1.  1.  1.  1  NTO.txt  
1 1 1  1.  1.  1.  1  N002.txt  
1 1 1  1.  1.  1.  1  6831.txt  
1 1 1  1.  1.  1.  1  1765.txt  
1 1 1  1.  1.  1.  1  N016.txt  
1 1 1  1.  1.  1.  1  NHC.txt  
1 1 1  1.  1.  1.  1  6815.txt  
1 1 1  1.  1.  1.  1  N019.txt  
1 1 1  1.  1.  1.  1  NGVB.txt  
1 1 1  1.  1.  1.  1  NSP..txt  
1 1 1  1.  1.  1.  1  NTO.txt  
1 1 1  1.  1.  1.  1  N002.txt  
1 1 1  1.  1.  1.  1  6831.txt  
1 1 1  1.  1.  1.  1  1765.txt  
1 1 1  1.  1.  1.  1  NHC.txt  
1 1 1  1.  1.  1.  1  6815.txt  
1 1 1  1.  1.  1.  1  N019.txt  
1 1 1  1.  1.  1.  1  NGVB.txt  
1 1 1  1.  1.  1.  1  NSP..txt  
1 1 1  1.  1.  1.  1  NHC.txt  
1 1 1  1.  1.  1.  1  6815.txt  
1 1 1  1.  1.  1.  1  N019.txt  

